 %block lattice_cart
   137.614   0.000   0.000
   0.000 142.646   0.000
   0.000   0.000   160.855
 %endblock lattice_cart

 %block positions_abs
O      61.97752911      60.26432162      65.10087474
H      62.48208604      62.03310545      65.00449869
C      59.54167190      59.81078731      64.42813218
C      58.33035733      57.83980276      65.75472004
H      59.23931569      56.98186702      67.38555386
C      55.90394874      57.29934103      65.25583230
H      54.98932121      56.03133467      66.58997908
C      54.67184719      58.57112684      63.35098817
H      52.73298799      58.20451994      62.78407028
C      55.88505148      60.41738944      61.95259070
H      54.75877459      61.37737042      60.52962679
C      58.27555527      61.16950051      62.57620038
C      59.63804794      63.10835972      60.92457959
H      60.73030974      64.29888730      62.20959348
H      60.87014948      62.04822325      59.65468351
H      58.39460802      64.31400511      59.80208217
 %endblock positions_abs
