 %block lattice_cart
   137.614   0.000   0.000
   0.000 142.646   0.000
   0.000   0.000   160.855
 %endblock lattice_cart

 %block positions_abs
O      61.49281430      60.84446760      64.39317224
H      63.03294125      61.21674368      65.33047649
C      59.70324349      59.72197017      65.78401080
C      60.10953464      59.42528314      68.34270023
H      61.70824310      60.33802095      69.25354831
C      58.26894121      58.29900625      69.79778949
H      58.52216454      57.94562743      71.80467884
C      55.99560046      57.55823354      68.83402907
H      54.54807010      56.82313000      70.09258680
C      55.40600585      58.05712129      66.30368554
H      53.69580354      57.34847392      65.41173472
C      57.26549654      59.17583926      64.75222024
C      56.63999713      59.58968933      61.98566092
H      58.39933233      59.66149893      60.91040664
H      55.34175516      58.14026924      61.29213136
H      55.38899831      61.22997177      62.03479380
 %endblock positions_abs
