 %block lattice_cart
   137.614   0.000   0.000
   0.000 142.646   0.000
   0.000   0.000   160.855
 %endblock lattice_cart

 %block positions_abs
O      59.07774408      60.92572583      65.98243207
H      59.91678257      62.16538629      64.90906752
C      56.81196223      60.10747432      65.03756891
C      55.57986068      58.12137198      66.36793623
H      56.42645807      57.30689994      68.05357210
C      53.34809390      57.19540609      65.29835114
H      52.22181702      55.81779560      66.32636225
C      52.59787256      57.96641442      62.95131106
H      50.88955997      57.33713556      62.00077872
C      53.84320220      59.88448663      61.66629717
H      52.98337672      60.68951003      59.98255102
C      56.08063815      60.94651282      62.69052883
C      57.36943150      63.08001382      61.26189574
H      56.21480872      63.85102216      59.73499688
H      57.58486030      64.81856203      62.35415754
H      59.30451124      62.73041446      60.63261687
 %endblock positions_abs
