 %block lattice_cart
   137.614   0.000   0.000
   0.000 142.646   0.000
   0.000   0.000   160.855
 %endblock lattice_cart

 %block positions_abs
O      61.93501027      61.44351084      63.50689059
H      63.60930779      61.41516495      64.27034002
C      60.53850253      59.96763459      65.17173948
C      61.50415266      59.43284205      67.48476448
H      63.30128240      60.07345927      68.24254473
C      59.99048190      58.39916175      69.31779901
H      60.84463819      58.17050487      71.17351025
C      57.52816851      57.51099039      68.78678591
H      56.33197175      56.77399712      70.28533888
C      56.76471908      57.76610344      66.36982596
H      54.91089757      57.06312525      65.83314369
C      58.11020422      59.11536803      64.57836541
C      56.97258896      59.65771948      62.00833763
H      55.95402648      61.43784167      61.77401156
H      58.24626451      59.52921809      60.39262163
H      55.68946481      58.11192335      61.53590605
 %endblock positions_abs
