 %block lattice_cart
   137.614   0.000   0.000
   0.000 142.646   0.000
   0.000   0.000   160.855
 %endblock lattice_cart

 %block positions_abs
O      61.52966397      60.98052789      66.73643286
H      62.44807096      61.94995748      65.47220597
C      59.81190275      59.31756873      66.03912385
C      58.58169092      57.87570755      67.86082002
H      58.66861833      58.65994397      69.75432579
C      56.87904751      56.03700385      67.17862883
H      55.80190352      55.07513316      68.63938726
C      56.62015501      55.36237156      64.75410996
H      55.43907606      53.73720693      64.32892155
C      58.00910385      56.60392175      62.87005284
H      57.91083808      55.89905383      60.94253200
C      59.64560684      58.65049534      63.48232416
C      61.05156321      59.92039142      61.35638205
H      60.35992338      59.18339816      59.55736261
H      60.80022961      61.96696502      61.31858752
H      63.02632721      59.42150368      61.68330470
 %endblock positions_abs
