 %block lattice_cart
   137.614   0.000   0.000
   0.000 142.646   0.000
   0.000   0.000   160.855
 %endblock lattice_cart

 %block positions_abs
O      63.53655332      60.12164728      64.55190924
H      64.17717054      61.72413519      63.91129203
C      61.12904199      59.50370678      63.64862007
C      59.66261437      57.92578530      65.07536343
H      60.31834941      57.24359411      66.89705961
C      57.12093248      57.34941878      64.49143800
H      56.09859055      55.91133705      65.54401556
C      56.12315699      58.41900387      62.30691438
H      54.15784162      58.10530930      61.79479855
C      57.51588528      60.10463974      60.78190525
H      56.74298722      60.85297136      59.03201868
C      60.02166237      60.61864530      61.48488345
C      61.16305707      62.81261755      59.95042567
H      62.95829706      62.18522841      59.15485089
H      59.96686031      63.40599161      58.37439394
H      61.63359892      64.45667944      61.10693817
 %endblock positions_abs
