 %block lattice_cart
   137.614   0.000   0.000
   0.000 142.646   0.000
   0.000   0.000   160.855
 %endblock lattice_cart

 %block positions_abs
O      61.89438115      63.72157590      60.03168390
H      63.31734506      63.83684922      61.19386558
C      60.09725143      62.32884762      61.42630192
C      60.65283096      61.54461120      63.92263038
H      62.37815108      62.37231132      64.66907227
C      59.06546086      59.84763696      65.20386482
H      59.45663421      58.99726012      67.03311989
C      56.76566393      59.13143069      64.11160301
H      55.24632399      58.02594081      64.94119287
C      56.29701181      59.91944657      61.69653278
H      54.59814786      59.27127044      60.73844154
C      57.95997097      61.33674131      60.30002504
C      57.36470717      61.96790989      57.56181161
H      55.42962744      61.41988926      57.10638757
H      57.27211059      63.98613760      57.14985127
H      58.66672861      60.97202413      56.31081279
 %endblock positions_abs
