 %block lattice_cart
   137.614   0.000   0.000
   0.000 142.646   0.000
   0.000   0.000   160.855
 %endblock lattice_cart

 %block positions_abs
O      59.44151639      62.02932600      63.25177754
H      60.92495155      62.36191782      64.29112702
C      58.16217168      60.13204078      64.41395922
C      58.68184641      59.49898246      66.87816234
H      60.19929664      60.39471273      67.93829881
C      57.26455168      57.71319109      68.14994814
H      57.68596065      57.30501021      70.11715324
C      55.27655960      56.46975118      67.00855345
H      54.16729025      55.12804550      68.09703581
C      54.66617800      57.10091977      64.52356335
H      52.99565994      56.18062305      63.76011392
C      56.02111176      59.05489677      63.30657960
C      55.36159728      59.49898246      60.58726344
H      53.85737514      60.85958540      60.20175928
H      57.02077698      60.16983530      59.56114205
H      54.71153143      57.75476507      59.69720236
 %endblock positions_abs
