 %block lattice_cart
   137.614   0.000   0.000
   0.000 142.646   0.000
   0.000   0.000   160.855
 %endblock lattice_cart

 %block positions_abs
O      61.25848825      62.00003523      62.35132296
H      62.87231452      62.37042159      63.15823609
C      60.02827642      59.95346164      63.29807584
C      60.68401145      59.12387178      65.68668990
H      62.40177267      59.83251915      66.56352291
C      59.27805507      57.23036603      66.87910720
H      59.72592021      56.42156317      68.71403145
C      57.37888013      56.10975832      65.51472480
H      56.50015739      54.47892452      66.40667562
C      56.64566632      56.99981941      63.16390527
H      55.04506813      56.25715698      62.11510717
C      57.83052471      59.11442315      62.09243045
C      56.90077937      60.17266989      59.55830747
H      58.58641524      60.77738231      58.53218608
H      56.08252787      58.79883887      58.25439631
H      55.68946480      61.80161398      59.91735546
 %endblock positions_abs
