 %block lattice_cart
   137.614   0.000   0.000
   0.000 142.646   0.000
   0.000   0.000   160.855
 %endblock lattice_cart

 %block positions_abs
O      59.93473496      62.35624865      63.17240904
H      61.45785437      63.01387340      63.97176326
C      58.67428751      60.55156002      64.57080650
C      59.67395273      60.14337913      66.95375139
H      61.34447079      61.13737517      67.62082478
C      58.34736486      58.53711177      68.59403382
H      58.96152591      58.39727202      70.54801083
C      56.19307686      57.23320061      67.79278987
H      54.99688011      56.04456276      68.97008937
C      55.41261990      57.41083488      65.29079223
H      53.98398680      56.00487851      64.84670655
C      56.51810979      59.22119269      63.71476048
C      55.54301101      59.71063181      61.10504844
H      53.48698878      59.73519825      60.93497308
H      55.89638983      61.70618279      60.71387510
H      56.41984402      58.55222958      59.63862083
 %endblock positions_abs
