 %block lattice_cart
   137.614   0.000   0.000
   0.000 142.646   0.000
   0.000   0.000   160.855
 %endblock lattice_cart

 %block positions_abs
O      62.33657710      62.49419867      61.00016864
H      63.97496982      62.97607888      61.68424957
C      60.61692616      61.50965126      62.55163394
C      61.12337281      61.37737041      65.11221310
H      62.97719432      61.89704515      65.82275019
C      59.31112528      60.34557985      66.66745785
H      59.62670957      60.38904355      68.69702391
C      57.04156398      59.43851122      65.70369743
H      55.61293088      58.64482617      66.94713735
C      56.60692692      59.57079206      63.02595525
H      54.91184242      58.79411455      62.16612978
C      58.48342515      60.53077303      61.54063037
C      58.03744974      60.70084839      58.69281281
H      57.53667227      62.65671513      58.26195521
H      59.71174726      60.22841682      57.58165374
H      56.31212962      59.67850646      58.20715315
 %endblock positions_abs
