 %block lattice_cart
   137.614   0.000   0.000
   0.000 142.646   0.000
   0.000   0.000   160.855
 %endblock lattice_cart

 %block positions_abs
O      61.14699439      62.96285080      67.28256377
H      62.14099043      64.04944342      66.17896360
C      59.85064214      61.19028752      66.19975059
C      58.80562349      59.36103243      67.81168714
H      59.10986943      59.65016057      69.82235593
C      57.63588290      57.11225812      66.89516988
H      57.27116573      55.43229143      68.02333648
C      57.32974724      56.89682932      64.28167838
H      56.36031764      55.21308319      63.61460500
C      58.27083095      58.80356318      62.63383704
H      58.01949735      58.65238507      60.60238125
C      59.57852155      60.88604158      63.64484062
C      60.83896901      62.79655487      61.82503418
H      60.70290871      62.01420819      59.92019005
H      59.99237162      64.67116337      61.99510955
H      62.86664534      62.88726174      62.19164108
 %endblock positions_abs
