 %block lattice_cart
   137.614   0.000   0.000
   0.000 142.646   0.000
   0.000   0.000   160.855
 %endblock lattice_cart

 %block positions_abs
O      60.58291108      62.43372743      60.85371485
H      62.22886270      63.05733711      61.38661767
C      59.52277463      60.96352036      62.55068908
C      60.74164810      60.52510385      64.69363872
H      62.56712372      61.39248823      65.06024563
C      59.53411299      59.26276667      66.69485889
H      60.44496107      59.19095707      68.53356259
C      57.28344895      58.00798840      66.35281842
H      56.34425496      56.92706495      67.82491522
C      55.96253025      58.51065560      64.07191876
H      54.11437791      57.68484520      63.71665022
C      56.93762904      60.11881269      62.27856849
C      55.43718633      60.63281825      59.93908732
H      56.46708718      59.93172979      58.29313570
H      53.47754015      59.99409076      60.06002980
H      55.24443426      62.68128157      59.79924757
 %endblock positions_abs
