 %block lattice_cart
   137.614   0.000   0.000
   0.000 142.646   0.000
   0.000   0.000   160.855
 %endblock lattice_cart

 %block positions_abs
O      61.29344818      61.43028276      62.72265418
H      62.96396625      61.93294995      63.30468988
C      60.04811854      60.11881268      64.47632019
C      61.40872149      59.09458102      66.55123969
H      63.39104439      59.55189479      66.83091918
C      60.07646443      57.60169724      68.18207349
H      60.99109196      56.64927517      69.75621551
C      57.50832637      57.08958141      67.94585771
H      56.38015977      56.00676823      69.28000448
C      56.21764330      58.16105622      65.92196082
H      54.24287930      57.65838903      65.65550941
C      57.52722363      59.61614549      64.13239001
C      56.08914191      60.70840730      61.91007186
H      56.07969328      62.76631925      62.07447805
H      57.00943863      60.26810106      60.11861132
H      54.13894435      60.08290788      61.65873826
 %endblock positions_abs
