 %block lattice_cart
   137.614   0.000   0.000
   0.000 142.646   0.000
   0.000   0.000   160.855
 %endblock lattice_cart

 %block positions_abs
O      60.73975837      60.30400588      66.88761098
H      60.64527206      62.06334107      66.35281842
C      58.49665324      59.15883172      66.16951497
C      57.21541880      57.72075000      68.02144675
H      57.83713876      57.73586782      69.98109295
C      55.04223354      56.35069843      67.28067404
H      53.95753063      55.11103796      68.50710643
C      54.28634301      56.43573611      64.75222023
H      52.64606057      55.32835649      64.19853043
C      55.62615897      57.77177262      63.07225354
H      54.95908558      57.76043426      61.12961490
C      57.70107846      59.23064132      63.65617898
C      59.23175677      60.71218676      61.70976088
H      61.19707214      60.12637159      61.47921426
H      58.52499913      60.53455249      59.77846059
H      59.23553623      62.70017884      62.26911986
 %endblock positions_abs
