 %block lattice_cart
   137.614   0.000   0.000
   0.000 142.646   0.000
   0.000   0.000   160.855
 %endblock lattice_cart

 %block positions_abs
O      60.07551958      62.39593290      61.68330470
H      61.39454854      63.46551799      62.39573153
C      58.85664611      61.00320461      63.46720634
C      60.22291823      60.16983530      65.57992035
H      62.10319590      60.92194637      65.92196082
C      58.90766871      58.69206932      67.48476448
H      59.63143390      58.34435969      69.37260106
C      56.46236287      57.83980276      66.85926507
H      55.31529899      56.80423275      68.21230911
C      55.23970995      58.64293644      64.70686681
H      53.25360759      58.21207885      64.41206949
C      56.40189163      60.20385037      63.04201792
C      54.94680237      60.90871829      60.64773469
H      53.65800902      62.49230894      60.94253199
H      56.19780119      61.26587656      59.04524677
H      53.69769327      59.34780436      60.13561886
 %endblock positions_abs
