 %block lattice_cart
   137.614   0.000   0.000
   0.000 142.646   0.000
   0.000   0.000   160.855
 %endblock lattice_cart

 %block positions_abs
O      60.33346721      60.11881270      60.93969740
H      61.74698249      60.80478335      61.89967837
C      58.62704435      59.00198444      62.57242093
C      59.54923079      58.62970836      64.96103499
H      61.41628039      59.30812011      65.48070973
C      58.30579087      57.24831843      66.76761335
H      59.04278414      56.85525535      68.64600130
C      55.99087615      56.07857784      66.07030434
H      54.92696023      54.97497767      67.43657646
C      54.87782735      56.45463337      63.65145466
H      53.11093324      55.65905860      62.97682236
C      56.22331248      58.01743703      61.91668590
C      55.26333152      58.35758777      59.23516426
H      55.99276586      56.90060878      57.96904763
H      53.22620654      58.28955762      58.91013134
H      55.81702132      60.12448187      58.32431618
 %endblock positions_abs
