 %block lattice_cart
   137.614   0.000   0.000
   0.000 142.646   0.000
   0.000   0.000   160.855
 %endblock lattice_cart

 %block positions_abs
O      61.52493965      62.51309593      60.83292786
H      62.31295552      62.26554178      62.47698975
C      59.16089203      61.54744577      61.20709367
C      58.82263102      59.47630575      62.89650900
H      60.41756004      58.66372343      63.90562285
C      56.34331011      58.50309669      63.35571249
H      56.16945528      56.90627795      64.63316748
C      54.34020022      59.61614549      62.19353081
H      52.46370199      59.23064131      62.93430352
C      54.54051121      61.62681428      60.55513809
H      52.91534658      62.70017884      59.90129279
C      57.00282458      62.51876510      59.91263115
C      57.22581229      65.01698330      58.51801313
H      58.79050568      65.07745454      57.17441772
H      55.54017642      65.59523954      57.47866366
H      57.36754176      66.25097458      60.16585447
 %endblock positions_abs
