 %block lattice_cart
   137.614   0.000   0.000
   0.000 142.646   0.000
   0.000   0.000   160.855
 %endblock lattice_cart

 %block positions_abs
O      60.85125223      60.56856755      68.35025914
H      61.65060646      61.64382182      67.09170141
C      58.60625737      59.67850646      67.68885493
C      57.28155922      58.53522204      69.59180932
H      58.02044221      58.36703640      71.50232263
C      54.87026844      57.50343147      69.04756814
H      54.03689914      56.33747034      70.51966494
C      53.85737514      57.86436920      66.69296916
H      51.95631047      57.14438347      66.40195130
C      55.27655960      58.98875635      64.77867640
H      54.54334579      58.92828511      62.86060420
C      57.58391543      60.03566473      65.25299770
C      58.92751084      61.33768616      63.00611312
H      57.77288806      61.65893963      61.32614643
H      59.81946166      63.18205904      63.26500563
H      60.50921176      60.07156953      62.62627813
 %endblock positions_abs
