 %block lattice_cart
   137.614   0.000   0.000
   0.000 142.646   0.000
   0.000   0.000   160.855
 %endblock lattice_cart

 %block positions_abs
O      59.60592259      63.25575837      64.14845268
H      59.94796305      64.75620107      65.15756652
C      58.51366077      61.39248823      65.41267958
C      58.10547990      61.62870402      68.03750942
H      59.00121017      63.21418439      68.98804176
C      56.51055089      59.86747909      69.17323494
H      56.15339262      60.03755446      71.19146265
C      55.49387813      57.84358221      67.74271212
H      54.46019784      56.31479363      68.64600130
C      56.24598919      57.39949653      65.25772202
H      55.65639459      55.76110382      64.16734994
C      57.54423118      59.29867147      64.07286362
C      57.80501340      59.26465640      61.18914127
H      59.54734106      59.91472225      60.29530073
H      57.13794001      57.39760680      60.61655419
H      56.45196936      60.73864292      60.67891516
 %endblock positions_abs
