 %block lattice_cart
   137.614   0.000   0.000
   0.000 142.646   0.000
   0.000   0.000   160.855
 %endblock lattice_cart

 %block positions_abs
O      60.19457234      63.63653823      60.89812342
H      61.71013284      64.20723557      61.77306671
C      59.17978930      61.80350370      62.26628527
C      60.46480320      60.81517685      64.37710956
H      62.46980282      61.20446046      64.57742055
C      59.26104754      59.05017247      65.91534678
H      60.20969015      58.24892851      67.55184977
C      56.74771154      58.48325457      65.65267483
H      55.76505385      57.42878728      67.11532299
C      55.50049217      59.48480952      63.53429163
H      53.63722202      58.73836763      63.10343403
C      56.66267386      61.21012964      61.91857563
C      55.08097292      62.17955923      59.61688898
H      55.53450725      64.16188214      59.26162044
H      55.48915382      61.04761318      57.94070174
H      53.07219386      62.15877225      60.08554111
 %endblock positions_abs
