 %block lattice_cart
   137.614   0.000   0.000
   0.000 142.646   0.000
   0.000   0.000   160.855
 %endblock lattice_cart

 %block positions_abs
O      62.91294364      61.26398683      61.82786876
H      64.51165210      61.56256359      62.68958396
C      61.24431529      60.61959016      63.70625673
C      62.20996544      60.19629146      66.12321668
H      64.25842877      60.28888805      66.25927696
C      60.56212410      59.37803997      68.01861216
H      61.12526254      58.80356317      69.90644875
C      58.06579564      58.85836523      67.52728332
H      56.84125298      58.15160759      69.01638766
C      57.08691740      59.29489201      65.15189735
H      55.10270479      58.95663100      64.74749592
C      58.63460326      60.35124902      63.20358952
C      57.33069210      61.12414708      60.78096039
H      56.17606933      62.80789323      61.08331659
H      58.64405190      61.76287458      59.32209168
H      56.22898166      59.71252153      59.75483900
 %endblock positions_abs
