 %block lattice_cart
   137.614   0.000   0.000
   0.000 142.646   0.000
   0.000   0.000   160.855
 %endblock lattice_cart

 %block positions_abs
O      60.98258820      63.80566873      62.36738563
H      62.23358702      64.75809079      63.32358715
C      59.53316812      62.26365206      63.81491599
C      60.69346008      61.31689917      66.02778550
H      62.49247953      61.98397256      66.75533013
C      59.31207014      59.64449139      67.62838369
H      60.22858740      58.93206457      69.32346818
C      56.93101499      58.95096183      66.80635274
H      55.84064290      57.64516095      67.95908579
C      55.76883330      60.01298802      64.74088187
H      53.88855562      59.50843109      64.08892631
C      56.99904513      61.62681429      63.12327615
C      55.93701895      62.38837399      60.54568947
H      54.04918236      63.19528713      60.76489772
H      56.94613280      63.89826532      59.56492151
H      55.83308400      60.72919429      59.32492627
 %endblock positions_abs
