 %block lattice_cart
   137.614   0.000   0.000
   0.000 142.646   0.000
   0.000   0.000   160.855
 %endblock lattice_cart

 %block positions_abs
O      60.90038510      59.17394954      69.04095410
H      61.42005984      60.80856280      68.37388072
C      58.37760047      58.43884601      68.81985613
C      57.50265719      56.64171628      70.51872008
H      58.64594161      55.98787098      72.09286210
C      55.19530136      55.47953460      70.05384741
H      54.70775198      53.97909191      71.36909692
C      53.58336482      56.30723473      68.25671768
H      51.84481661      55.24898799      67.99404573
C      54.26933547      58.30089599      66.67312703
H      53.08069762      58.86592415      65.09331584
C      56.71275160      59.34213518      67.08130792
C      57.79367505      61.00698407      64.89300485
H      59.14293963      59.89582499      63.79696359
H      56.31212961      61.50398209      63.54562999
H      58.43051282      62.76820899      65.76038922
 %endblock positions_abs
