 %block lattice_cart
   137.614   0.000   0.000
   0.000 142.646   0.000
   0.000   0.000   160.855
 %endblock lattice_cart

 %block positions_abs
O      59.57946641      61.01548784      65.63661215
H      59.94796305      62.20790513      64.28356812
C      57.21352907      60.40510623      65.25677717
C      56.12504671      58.72702926      67.02934045
H      57.22297770      58.21113398      68.68474070
C      53.56635729      57.98436683      66.71564588
H      52.63283249      56.78817007      68.09892554
C      52.28134340      58.86875874      64.63127776
H      50.25744651      58.52671828      64.53301199
C      53.44919426      60.25014867      62.75288980
H      52.31535847      60.67155765      61.09371010
C      55.90583847      61.07595908      63.00989258
C      57.06990988      62.74269769      60.97654707
H      56.05134738      62.66143944      59.18319680
H      57.02833589      64.61352673      61.84393145
H      58.99743072      62.08318319      60.65340387
 %endblock positions_abs
