 %block lattice_cart
   137.614   0.000   0.000
   0.000 142.646   0.000
   0.000   0.000   160.855
 %endblock lattice_cart

 %block positions_abs
O      59.74670719      58.23381070      66.88666610
H      60.53661280      59.73614312      66.17423928
C      57.23904038      58.31506892      66.30840986
C      55.54017642      56.79950842      67.57641621
H      56.31118475      55.90377815      69.25638290
C      53.02117124      56.87887693      67.08508736
H      51.66434776      55.92645487      68.29829166
C      52.08953617      58.37742989      65.19536106
H      50.04863176      58.44923950      64.96103500
C      53.82052548      59.84574723      63.82908894
H      53.03817878      60.86430972      62.22471129
C      56.39433271      59.80606299      64.37144038
C      58.04973296      61.25737280      62.68391478
H      59.87331886      60.49959254      62.09054072
H      56.93101498      61.60697217      60.98694055
H      58.34641999      63.10741486      63.54940944
 %endblock positions_abs
