 %block lattice_cart
   137.614   0.000   0.000
   0.000 142.646   0.000
   0.000   0.000   160.855
 %endblock lattice_cart

 %block positions_abs
O      63.29466834      63.50992657      62.69525315
H      64.98975284      63.81039304      63.35287790
C      61.81123318      62.00759414      64.21837256
C      62.76365525      61.13643031      66.45958795
H      64.60613840      61.78649617      67.09264627
C      61.17250569      59.67378215      68.13199574
H      61.80556402      59.05206218      69.98581726
C      58.68562586      59.04450329      67.33453124
H      57.43084759      57.88232161      68.47025675
C      57.96564015      59.61709036      64.86843841
H      56.08914191      58.90844298      64.42435273
C      59.51899518      61.08729743      63.32264229
C      58.35681348      61.86586467      60.83198299
H      56.83180435      63.25481351      60.88867478
H      59.67962190      62.42522365      59.35043758
H      57.68974010      60.12731646      59.93814245
 %endblock positions_abs
