 %block lattice_cart
   137.614   0.000   0.000
   0.000 142.646   0.000
   0.000   0.000   160.855
 %endblock lattice_cart

 %block positions_abs
O      64.75542679      61.60980675      62.97493264
H      66.22752358      62.05578216      63.98593621
C      63.06034228      60.37014629      64.38655819
C      63.81434308      59.57268179      66.76383390
H      65.76265091      59.59913796      67.41578947
C      62.10225104      58.57301657      68.40978551
H      62.79578060      58.08735690      70.28061457
C      59.70040890      58.25365283      67.61421074
H      58.41539501      57.44107050      68.99371095
C      58.95774646      58.79222482      65.12544118
H      57.11148385      58.03066511      64.64167124
C      60.74731728      59.72197017      63.44736421
C      59.90827879      60.29644697      60.76773230
H      59.97441921      62.34113084      60.50695008
H      61.37092696      59.69362428      59.44303415
H      58.06201618      59.61803522      60.13089453
 %endblock positions_abs
