 %block lattice_cart
   137.614   0.000   0.000
   0.000 142.646   0.000
   0.000   0.000   160.855
 %endblock lattice_cart

 %block positions_abs
O      62.17595037      63.73196940      60.96709843
H      63.71418759      64.43872704      61.68519443
C      61.05156322      61.98964174      62.44864386
C      62.11547914      61.44540056      64.74466133
H      63.96552120      62.21073972      65.20197510
C      60.98353307      59.83157429      66.47943008
H      61.78666675      59.34213518      68.30679543
C      58.58547037      58.86214469      65.99566015
H      57.57824625      58.04200347      67.58869943
C      57.35336882      59.38181943      63.85082078
H      55.50332676      58.54845013      63.53334676
C      58.64405189      60.90682856      62.01967599
C      57.26455169      61.34146562      59.55358315
H      58.49665324      62.19940136      58.14006786
H      56.48220499      59.55567425      58.86950222
H      55.65072541      62.56789799      59.94475649
 %endblock positions_abs
