 %block lattice_cart
   137.614   0.000   0.000
   0.000 142.646   0.000
   0.000   0.000   160.855
 %endblock lattice_cart

 %block positions_abs
O      61.39360368      58.24325933      65.86526903
H      62.08146406      59.88732122      65.40606553
C      58.91995193      57.88988051      65.23221072
C      57.74832162      55.99448502      66.35848759
H      58.77444301      54.82474443      67.70019328
C      55.22364727      55.65811373      66.09581565
H      54.54145607      53.89121963      66.88950069
C      53.77422718      57.18879205      64.43285649
H      51.81836045      56.81462624      63.92640984
C      55.11215341      59.21268893      63.15351177
H      54.11815737      60.28983293      61.71543004
C      57.61793050      59.55850884      63.74877556
C      59.10514511      61.58807490      62.45431303
H      59.79678494      62.82017646      63.95853518
H      60.48086587      60.67155764      61.21843202
H      57.73320381      62.74458741      61.43575055
 %endblock positions_abs
