 %block lattice_cart
   137.614   0.000   0.000
   0.000 142.646   0.000
   0.000   0.000   160.855
 %endblock lattice_cart

 %block positions_abs
O      64.24803526      60.73108402      64.74938564
H      64.73180521      61.96885475      63.47571011
C      61.82351642      59.99598048      64.24104926
C      60.63865802      58.77143784      66.19691600
H      61.86698012      58.41427956      67.80507309
C      58.12532202      57.97397332      65.95881048
H      57.21069449      56.88738069      67.44224564
C      56.82141086      58.41994873      63.82719920
H      55.07152430      57.37304037      63.56452724
C      58.07051996      59.65205029      61.89022973
H      57.16534104      60.08479761      60.09876919
C      60.55551005      60.60636209      62.09998935
C      61.93123081      61.92728077      59.98349588
H      63.84363383      61.21485395      59.68302940
H      60.98069848      61.76098485      58.15802026
H      62.28460964      63.88692697      60.52962678
 %endblock positions_abs
