 %block lattice_cart
   137.614   0.000   0.000
   0.000 142.646   0.000
   0.000   0.000   160.855
 %endblock lattice_cart

 %block positions_abs
O      62.63987818      61.59185435      66.17423929
H      62.95546248      63.06773060      65.12355146
C      60.29472783      60.54494597      65.89455979
C      59.22703246      59.05395191      67.79184501
H      60.27772029      59.14843822      69.55306994
C      56.86109512      57.99759490      67.54051141
H      56.06552034      56.90533309      69.08819726
C      55.67434699      58.17711890      65.16890489
H      53.86965836      57.20957903      65.00638843
C      56.60220261      59.82118079      63.37366489
H      55.73481823      60.01582260      61.52362283
C      58.81885158      61.13076113      63.71003618
C      59.81284762      63.00159018      61.80330233
H      61.71013284      62.32884761      61.34976801
H      58.86231528      63.17733472      59.97971644
H      60.01693806      64.88375758      62.62722300
 %endblock positions_abs
