 %block lattice_cart
   137.614   0.000   0.000
   0.000 142.646   0.000
   0.000   0.000   160.855
 %endblock lattice_cart

 %block positions_abs
O      62.83168539      60.86714432      60.15262638
H      64.56456442      60.75565047      60.76489771
C      61.29533790      59.65205029      61.67763552
C      62.31767984      58.44640490      63.83948242
H      64.28299520      58.44451519      64.43663593
C      60.66605904      57.13493485      65.49299294
H      61.49375916      56.15605661      67.09737058
C      58.12059770      57.11792730      64.89583943
H      56.81479681      55.99731961      66.02211632
C      57.15872700      58.22341721      62.73588225
H      55.16884519      57.91917127      62.32203219
C      58.73475875      59.61425576      61.29402108
C      57.65761475      60.60825180      58.82603852
H      56.98298246      62.55278019      58.98099608
H      58.92562111      60.72541485      57.20087389
H      56.02111176      59.56134343      58.12872950
 %endblock positions_abs
