 %block lattice_cart
   137.614   0.000   0.000
   0.000 142.646   0.000
   0.000   0.000   160.855
 %endblock lattice_cart

 %block positions_abs
O      61.17911974      62.81734187      66.19786086
H      61.53249856      64.12503248      64.95442096
C      59.10608997      61.43784166      65.60070735
C      57.94201857      60.28888806      67.60381725
H      58.91144816      60.25676271      69.41417506
C      55.69324425      59.01899198      67.33547610
H      54.76160918      58.06656992      68.90016950
C      54.70869684      59.00387417      64.85804490
H      52.99093563      57.89838428      64.62749830
C      55.81040729      60.19062229      62.76044871
H      55.02617087      59.85047156      60.89150937
C      58.07429941      61.49642318      63.12138642
C      59.58230101      62.87403366      60.85371485
H      61.58352117      63.07434465      61.32236698
H      59.72780993      61.54555606      59.28146256
H      59.07774408      64.77698806      60.23199489
 %endblock positions_abs
