 %block lattice_cart
   137.614   0.000   0.000
   0.000 142.646   0.000
   0.000   0.000   160.855
 %endblock lattice_cart

 %block positions_abs
O      64.46062948      58.76198920      68.02806080
H      64.67038910      60.40983054      67.23626547
C      62.05500789      57.99665004      67.84097790
C      61.05534267      56.58313476      69.82896998
H      62.22508326      56.25999156      71.48625996
C      58.79900945      55.33024621      69.69101996
H      57.92973535      54.35325771      71.27461060
C      57.34203047      55.68740449      67.54807031
H      55.49954731      54.80112285      67.34020043
C      58.25854773      57.23886979      65.62432893
H      57.17951400      57.74531645      63.95192115
C      60.65850015      58.44073572      65.64700565
C      61.73186469      59.96196541      63.50783545
H      63.78599719      60.15471749      63.49460738
H      61.01754815      59.13426528      61.75794889
H      60.90227484      61.84224310      63.67602110
 %endblock positions_abs
