 %block lattice_cart
   137.614   0.000   0.000
   0.000 142.646   0.000
   0.000   0.000   160.855
 %endblock lattice_cart

 %block positions_abs
O      60.64054774      60.62998366      63.23193541
H      62.17689523      60.69990354      64.24293900
C      58.79806458      59.74181230      64.84954114
C      59.68245650      59.26560126      67.26083191
H      61.68178693      59.53772185      67.63877718
C      58.14610900      58.40388607      69.12221234
H      58.80184403      58.40766552      71.06863043
C      55.68190589      57.83885790      68.49671292
H      54.61987970      57.06595984      70.07652412
C      54.77483726      58.20924426      65.94936186
H      52.85487533      57.71791541      65.40134122
C      56.28661831      59.27693962      64.05774582
C      55.19813595      59.97235891      61.41779815
H      56.90455881      60.44101103      60.35577197
H      54.01327756      58.40388607      60.78662957
H      53.96981385      61.61264135      61.65401394
 %endblock positions_abs
