 %block lattice_cart
   137.614   0.000   0.000
   0.000 142.646   0.000
   0.000   0.000   160.855
 %endblock lattice_cart

 %block positions_abs
O      62.08146405      61.86019549      60.88961965
H      63.69718005      61.87531330      61.76834239
C      60.34291585      60.34652471      62.09715477
C      60.98920225      59.15977659      64.33837017
H      62.96774570      59.17489440      64.88828053
C      59.21852869      57.79161474      65.68385531
H      59.73064452      56.86753857      67.44319051
C      56.79212010      57.45713318      64.64072638
H      55.35970756      56.33652548      65.59692790
C      56.22709194      58.29617167      62.24266369
H      54.44696975      57.75759967      61.37149986
C      57.96752987      59.91944657      60.97087788
C      57.23053661      60.79250012      58.38384256
H      55.27278015      61.42933789      58.24967199
H      58.41539501      62.43845174      57.98888976
H      57.36281745      59.36386703      56.90040741
 %endblock positions_abs
