 %block lattice_cart
   137.614   0.000   0.000
   0.000 142.646   0.000
   0.000   0.000   160.855
 %endblock lattice_cart

 %block positions_abs
O      62.42633911      61.70240335      66.27911910
H      62.42633911      63.53921732      66.14683825
C      60.13410109      60.74242238      65.52889775
C      59.24215027      58.84324744      67.21453362
H      60.46480320      58.35191858      68.79056537
C      56.83841840      57.65838903      66.74210204
H      56.26016215      56.17873333      68.04412347
C      55.32096817      58.73175357      64.89394971
H      53.33486582      58.20640967      64.84859628
C      56.18079364      60.55156001      63.25744672
H      54.88066194      61.45862864      61.95164584
C      58.66767347      61.52476907      63.50311114
C      59.61253663      63.44284127      61.68141498
H      59.50671195      65.31178060      62.54879935
H      61.57785199      63.24253029      61.08993064
H      58.21602888      63.62803445      60.17341338
 %endblock positions_abs
