 %block lattice_cart
   137.614   0.000   0.000
   0.000 142.646   0.000
   0.000   0.000   160.855
 %endblock lattice_cart

 %block positions_abs
O      57.49793288      62.20790514      63.55602348
H      58.96813995      62.95623675      64.36860580
C      56.10709431      60.59218913      65.06591481
C      57.24848900      59.87409313      67.30524049
H      59.04183928      60.66777819      67.91562209
C      56.15622719      58.08263259      68.87560305
H      57.03683967      57.84641681      70.71619648
C      53.86965836      57.14910779      68.22364747
H      52.83408834      55.92267542      69.50677164
C      52.69802805      57.84263734      65.98054234
H      50.81964009      57.16800505      65.50055186
C      53.76005423      59.63409789      64.34214963
C      52.61865954      60.13865481      61.81936500
H      52.28984716      62.17389006      61.88550542
H      53.82430492      59.75126092      60.19042092
H      50.77050721      59.23347591      61.65873826
 %endblock positions_abs
