 %block lattice_cart
   137.614   0.000   0.000
   0.000 142.646   0.000
   0.000   0.000   160.855
 %endblock lattice_cart

 %block positions_abs
O      63.22852793      60.14621373      60.51923329
H      64.70062472      60.95312686      61.27134436
C      62.16083255      58.28483331      61.95542529
C      63.16427722      57.75382021      64.27222975
H      64.92550216      58.71569091      64.69930790
C      61.97752911      55.94724186      65.88416629
H      62.63137441      55.51827399      67.78334125
C      59.77221849      54.68490468      65.13772441
H      58.81790670      53.36020654      66.38116432
C      58.83491425      55.32741163      62.72076445
H      57.13605029      54.34853340      62.10849313
C      60.01410346      57.16233588      61.12205599
C      59.03144579      57.66311335      58.51423367
H      60.57724191      58.30184084      57.30480884
H      58.08280318      56.07196380      57.60338559
H      57.73698325      59.26938072      58.54068985
 %endblock positions_abs
