 %block lattice_cart
   137.614   0.000   0.000
   0.000 142.646   0.000
   0.000   0.000   160.855
 %endblock lattice_cart

 %block positions_abs
O      61.83863422      60.48447473      67.24949356
H      61.79139106      62.03971949      66.26305642
C      59.65600033      59.12765124      67.21169903
C      58.87554336      57.78972502      69.32441305
H      60.04339422      57.98247710      71.00437974
C      56.73070400      56.26849533      69.49070896
H      56.29606695      55.24237394      71.21413936
C      55.06963457      56.28928232      67.42523810
H      53.47848501      55.00048897      67.59153402
C      55.85576071      57.58752430      65.19158160
H      54.52728312      57.66311334      63.62499849
C      58.18012408      58.71380118      65.04418295
C      58.89255090      60.00448426      62.57809011
H      58.93790433      62.05483730      62.79351891
H      60.90321970      59.67000270      62.25683664
H      57.72281031      59.52449377      60.94725630
 %endblock positions_abs
