 %block lattice_cart
   137.614   0.000   0.000
   0.000 142.646   0.000
   0.000   0.000   160.855
 %endblock lattice_cart

 %block positions_abs
O      57.76249456      61.16194162      65.71409094
H      59.56529347      61.07312448      65.35315321
C      57.12565680      58.78844537      66.24321430
C      55.63844220      58.32168297      68.38238449
H      55.06207567      59.95062705      69.48976411
C      55.00349415      55.89527438      69.02300171
H      53.84131247      55.71197093      70.70674784
C      55.90867306      53.77122201      67.60192751
H      55.33608599      51.89094432      68.19908104
C      57.34486505      54.31924264      65.32669703
H      57.81729663      52.84147666      63.97932218
C      57.73414868      56.86659371      64.56135787
C      59.28372426      57.06312524      62.12928012
H      61.28872387      57.01777181      62.61493978
H      59.00026530      55.44362979      60.88395047
H      58.76404952      58.71285631      61.00489296
 %endblock positions_abs
