 %block lattice_cart
   137.614   0.000   0.000
   0.000 142.646   0.000
   0.000   0.000   160.855
 %endblock lattice_cart

 %block positions_abs
O      60.34952989      59.55567425      62.99760935
H      61.32084921      61.00698406      63.58153479
C      58.57129743      58.72797413      64.51505959
C      59.44624071      58.14404870      66.96603460
H      61.43045334      58.43506655      67.41012029
C      57.68123633      57.40894516      68.84820201
H      58.37665562      56.93840331      70.72281051
C      55.19246678      56.88171152      68.17734917
H      53.81674602      56.08613674      69.47937060
C      54.33453103      57.36737118      65.72070496
H      52.32953141      57.20296499      65.30307545
C      56.01260800      58.34435969      63.91223688
C      55.08853183      59.06812486      61.29874539
H      54.40823036      61.01265324      61.44614404
H      56.78361633      59.00009472      60.12522535
H      53.48604392      57.95129661      60.63545147
 %endblock positions_abs
