 %block lattice_cart
   137.614   0.000   0.000
   0.000 142.646   0.000
   0.000   0.000   160.855
 %endblock lattice_cart

 %block positions_abs
O      61.81690237      59.93267465      62.18030272
H      63.24175601      60.38809869      63.25177754
C      60.38448983      58.41900388      63.68452487
C      61.33502216      58.02216135      66.11093345
H      63.05467311      59.00670876      66.65706436
C      59.99709593      56.84297213      67.91184263
H      60.94951800      56.86564885      69.73164907
C      57.82580040      55.62220893      67.51688983
H      56.92251122      54.65466906      69.08725240
C      56.81668655      55.91511651      65.11882714
H      55.02711573      55.05151159      64.59348323
C      57.93351480      57.44390510      63.20264466
C      56.51244061      57.96735929      60.77623607
H      55.10081506      56.50093167      60.43608534
H      55.67151240      59.83818834      60.98977515
H      57.78611615      57.75570994      59.16429953
 %endblock positions_abs
