 %block lattice_cart
   137.614   0.000   0.000
   0.000 142.646   0.000
   0.000   0.000   160.855
 %endblock lattice_cart

 %block positions_abs
O      60.66322446      60.37487060      67.18429799
H      61.25281906      61.60886190      65.95408617
C      58.45980357      59.27504989      66.45108419
C      57.33541641      57.82374008      68.37671531
H      58.31429465      57.72925378      70.18140394
C      55.07341401      56.40077618      67.82680495
H      54.00004947      55.32930135      69.21386406
C      54.15500703      56.47258577      65.33992511
H      52.53173213      55.43323630      64.62749830
C      55.23782021      58.06184561      63.48232416
H      54.48381941      58.12042711      61.57370058
C      57.28817326      59.58874447      64.13427974
C      58.22925697      61.53327283      62.19731025
H      56.89322046      61.91688727      60.67230112
H      58.69035018      63.32473339      63.11004807
H      60.02449696      61.03060564      61.30535943
 %endblock positions_abs
