 %block lattice_cart
   137.614   0.000   0.000
   0.000 142.646   0.000
   0.000   0.000   160.855
 %endblock lattice_cart

 %block positions_abs
O      59.29695234      64.89320623      61.26378546
H      60.95802176      64.80438908      62.04802188
C      57.82296580      62.98080320      61.98944036
C      58.41256041      61.74492219      64.21931742
H      60.10008601      62.30239144      65.24543880
C      56.92723554      59.72858420      65.05457644
H      57.38643903      58.71191145      66.77800684
C      54.81641124      59.15032796      63.63350225
H      53.60131722      57.60075237      64.21553796
C      54.00760838      60.42778294      61.48110398
H      52.24449373      59.89865957      60.56647645
C      55.55718395      62.41010584      60.58159426
C      54.64255642      63.84629785      58.26101034
H      56.32441284      64.74013838      57.47110475
H      53.52005899      62.68033671      56.97788618
H      53.59942750      65.47902138      58.96965771
 %endblock positions_abs
