 %block lattice_cart
   137.614   0.000   0.000
   0.000 142.646   0.000
   0.000   0.000   160.855
 %endblock lattice_cart

 %block positions_abs
O      65.31667551      61.38587419      65.76227895
H      65.67194405      62.89954495      64.77584181
C      63.23041765      60.17833907      64.97993225
C      62.44240179      58.33207647      66.64100168
H      63.47608207      57.85775516      68.35120400
C      60.15961239      56.93934816      66.29707149
H      59.99142676      55.11765200      67.22870658
C      58.63460326      57.59319348      64.20325474
H      57.15683728      56.34030492      63.52484300
C      59.41128077      59.39410265      62.51572914
H      58.26043746      59.77582736      60.85654944
C      61.61281193      60.91533234      62.92768949
C      62.62759497      62.82395591      60.97938165
H      63.09246764      64.57573220      61.96392907
H      64.27354657      61.91310782      60.13467399
H      61.18195434      63.20568062      59.55641773
 %endblock positions_abs
