 %block lattice_cart
   137.614   0.000   0.000
   0.000 142.646   0.000
   0.000   0.000   160.855
 %endblock lattice_cart

 %block positions_abs
O      58.58547038      63.09702136      61.56425194
H      60.36937201      62.97418915      62.00455817
C      57.41761951      61.21485395      62.72832335
C      58.67806696      59.99409075      64.86560381
H      60.52999875      60.65738469      65.45519842
C      57.46108322      58.10625417      66.30179581
H      58.33980595      57.25020815      67.94774743
C      55.22931644      57.07635332      65.36827102
H      54.32791699      55.52110857      66.36226705
C      54.23721013      58.06090073      63.05902545
H      52.46842630      57.22564170      62.42596714
C      55.14427876      60.23597572      61.90629240
C      53.72698402      61.51532043      59.77657085
H      53.44919426      63.51465087      60.20175927
H      54.86648899      61.35280397      58.06447881
H      51.76544811      60.93517446      59.50822971
 %endblock positions_abs
