 %block lattice_cart
   137.614   0.000   0.000
   0.000 142.646   0.000
   0.000   0.000   160.855
 %endblock lattice_cart

 %block positions_abs
O      60.85597654      61.74019786      66.65045032
H      60.82763064      63.00631450      65.31630354
C      58.92845570      60.20951955      66.51439002
C      58.14043983      58.83001935      68.50994101
H      59.21758381      58.97174882      70.25415840
C      55.93890866      57.31445885      68.35876291
H      55.14522362      56.41116967      70.02172205
C      54.67846121      57.00643345      66.15912148
H      52.99660480      55.82913397      66.23282081
C      55.54206615      58.39349257      64.08798144
H      54.46870159      58.24987336      62.34187432
C      57.60564728      60.13582023      64.19002665
C      58.15744736      61.69673417      61.85243520
H      58.09886585      63.69984405      62.35132296
H      59.93945928      61.21485396      60.93213850
H      56.76093961      61.24697930      60.40112540
 %endblock positions_abs
