 %block lattice_cart
   137.614   0.000   0.000
   0.000 142.646   0.000
   0.000   0.000   160.855
 %endblock lattice_cart

 %block positions_abs
O      61.55139582      60.58179564      61.62661292
H      63.00270563      60.93139501      62.70375691
C      59.78639144      59.47819548      63.13272479
C      60.63109911      58.91694676      65.54779501
H      62.55861995      59.31189956      66.13927935
C      58.98703721      57.83413359      67.31279939
H      59.57852155      57.07257388      69.12504693
C      56.58141562      57.52043902      66.56635750
H      55.34175516      56.49242790      67.84192276
C      55.64222164      58.17995350      64.14561809
H      53.68068573      57.89082537      63.59948719
C      57.28439381      59.08702213      62.30313494
C      56.58519507      59.40638588      59.57814959
H      56.55873890      61.42461358      59.14729199
H      58.13855010      58.71852550      58.40651928
H      54.71625575      58.65238508      59.13595363
 %endblock positions_abs
