 %block lattice_cart
   137.614   0.000   0.000
   0.000 142.646   0.000
   0.000   0.000   160.855
 %endblock lattice_cart

 %block positions_abs
O      61.75359653      61.56539818      63.81019167
H      63.42222487      61.64098724      64.58686918
C      60.04906340      60.26904593      65.23126586
C      60.74070323      59.53961158      67.68413062
H      62.59452474      60.02905069      68.42112388
C      59.04561873      58.20924425      69.20725003
H      59.61253662      57.63287773      71.09697633
C      56.67023275      57.37965440      68.20191562
H      55.48726408      56.27605423      69.46992198
C      56.10331486      58.24514905      65.83408855
H      54.32886185      57.77460720      64.91379183
C      57.63966235      59.80039381      64.35065339
C      57.20502530      60.26904593      61.55952764
H      56.43779642      58.59852787      60.62033366
H      55.76505385      61.71279684      61.24205362
H      59.00971393      60.74525696      60.68080490
 %endblock positions_abs
