 %block lattice_cart
   137.614   0.000   0.000
   0.000 142.646   0.000
   0.000   0.000   160.855
 %endblock lattice_cart

 %block positions_abs
O      62.68239702      61.17422483      62.09715477
H      64.41149660      61.41988926      62.68296993
C      61.19329269      59.53961158      63.50122142
C      62.21752435      58.73458816      65.80101834
H      64.07323559      59.41677936      66.35848760
C      60.71897139      57.59130374      67.70586247
H      61.26699202      57.75759967      69.67873674
C      58.16028196      56.97903242      67.08981169
H      56.98865164      56.12298640      68.54490095
C      57.26266196      57.47792017      64.71064626
H      55.40695072      56.79194951      64.16262563
C      58.80089918      58.84986147      62.91729599
C      57.55367981      59.98558698      60.44175452
H      58.35114431      59.23536564      58.69186795
H      55.51466512      59.68512051      60.33404012
H      57.88816137      62.02082223      60.47954904
 %endblock positions_abs
