 %block lattice_cart
   137.614   0.000   0.000
   0.000 142.646   0.000
   0.000   0.000   160.855
 %endblock lattice_cart

 %block positions_abs
O      60.36559257      58.78844537      62.03006948
H      62.04744899      59.08135294      62.71981958
C      58.79522999      57.93050962      63.74216153
C      59.70607809      57.45240886      66.17234956
H      61.65816537      57.86058975      66.67123731
C      58.05445729      56.44707446      67.98837654
H      58.75743548      55.89527438      69.83841861
C      55.67718158      55.88393602      67.42901756
H      54.28067384      55.14505303      68.74048763
C      54.66806774      56.30156554      64.98749116
H      52.73298799      55.70441202      64.64923015
C      56.23843030      57.40894516      63.13933882
C      55.07435889      58.02499594      60.54852406
H      56.40661594      57.21052389      59.19925946
H      53.33203123      56.94596221      60.30852881
H      54.56602252      59.98464212      60.15924044
 %endblock positions_abs
