 %block lattice_cart
   137.614   0.000   0.000
   0.000 142.646   0.000
   0.000   0.000   160.855
 %endblock lattice_cart

 %block positions_abs
O      61.51454616      57.93523393      64.05491123
H      62.21185517      59.58118555      63.62027418
C      58.96719509      57.79917365      63.81869544
C      57.78233669      55.92834459      65.01489219
H      58.78011218      54.56396220      66.17896360
C      55.13294040      55.77527677      64.80135312
H      54.15784162      54.68679441      66.24699375
C      53.77989636      57.32863179      63.25555700
H      51.72765358      57.37776468      63.18563712
C      55.02522600      59.25804236      61.93841776
H      53.97264844      60.62809394      60.82725869
C      57.65005585      59.44512527      62.13494929
C      59.17695471      61.37264611      60.62694770
H      60.66983850      60.55061516      59.46476601
H      57.87682301      62.08318320      59.18697625
H      59.48686982      62.98080320      61.87983624
 %endblock positions_abs
