 %block lattice_cart
   137.614   0.000   0.000
   0.000 142.646   0.000
   0.000   0.000   160.855
 %endblock lattice_cart

 %block positions_abs
O      60.34858503      65.40248747      61.31953239
H      61.97374965      65.87680876      62.04518729
C      59.12404237      63.37859058      62.65178944
C      60.33157749      62.45451441      64.79662880
H      62.10414077      63.23119193      65.48070973
C      59.13727046      60.39471273      66.05329680
H      59.90638907      59.79000032      67.85987516
C      56.87904751      59.35158381      65.11599255
H      56.13827480      57.65838903      66.00794337
C      55.65261514      60.53077303      63.05808060
H      53.84225733      59.78811058      62.43069146
C      56.94329821      62.41294043      61.84487630
C      55.63182815      63.60157828      59.49594650
H      54.04823750      62.43372743      58.87233681
H      54.90428352      65.46295871      60.00995205
H      57.03967425      63.71874132      57.99172435
 %endblock positions_abs
