 %block lattice_cart
   137.614   0.000   0.000
   0.000 142.646   0.000
   0.000   0.000   160.855
 %endblock lattice_cart

 %block positions_abs
O      62.92617171      63.09324190      60.73182751
H      64.59857950      63.06300629      61.49527694
C      61.65249618      61.45673892      62.26628527
C      62.79767032      60.68195114      64.48293424
H      64.74030897      61.31689918      64.70025276
C      61.48431054      59.01710225      66.07408379
H      62.48397576      58.25932200      67.69924842
C      58.97853345      58.34435969      65.54496043
H      57.97697850      56.96485947      66.69202430
C      57.77666751      59.16072145      63.34909845
H      55.95119189      58.46908162      62.71604013
C      59.18073416      60.67439223      61.61621942
C      57.87493328      61.48319509      59.21815673
H      56.43496183      62.82868022      59.83231778
H      58.99743071      62.44695551      57.78196473
H      56.94707766      59.87881744      58.30730865
 %endblock positions_abs
