 %block lattice_cart
   137.614   0.000   0.000
   0.000 142.646   0.000
   0.000   0.000   160.855
 %endblock lattice_cart

 %block positions_abs
O      63.92772666      61.69578929      59.67263590
H      65.12203369      62.50270242      60.81781005
C      61.98319829      60.68289599      61.06725392
C      62.68995592      60.07440411      63.58625909
H      64.63259457      60.35597334      64.19097153
C      60.81534742      59.18812248      65.22654153
H      61.21785913      58.67978609      67.17484937
C      58.37193130      58.91222244      64.31002427
H      56.98109273      58.01082299      65.52322857
C      57.64816612      59.70023830      61.88172597
H      55.69040966      59.35819785      61.36961013
C      59.49253900      60.45801855      60.20742845
C      58.79522999      61.10052550      57.47488420
H      60.40527681      60.67911654      56.25412101
H      57.19841126      59.92700546      56.89473822
H      58.23020182      63.00347991      56.91552521
 %endblock positions_abs
