 %block lattice_cart
   137.614   0.000   0.000
   0.000 142.646   0.000
   0.000   0.000   160.855
 %endblock lattice_cart

 %block positions_abs
O      62.26287779      62.29483254      61.27134436
H      63.97496983      62.31372980      61.95164585
C      60.75298645      60.67722681      62.68674937
C      61.70918797      59.76070955      64.95064150
H      63.36647794      60.60163776      65.81991561
C      60.19551720      58.42278332      66.50966571
H      60.77566317      58.02405107      68.43718655
C      57.98831687      57.40611056      65.51189021
H      56.79023038      56.13810421      66.59848285
C      57.09069686      57.99381545      63.17240905
H      55.35781783      57.13398997      62.47510003
C      58.52688887      59.77393763      61.79479855
C      57.52155447      60.79061039      59.38161805
H      56.30268099      62.34018597      59.99577910
H      59.00309989      61.31406458      58.04369183
H      56.30079127      59.36386702      58.52935148
 %endblock positions_abs
