 %block lattice_cart
   137.614   0.000   0.000
   0.000 142.646   0.000
   0.000   0.000   160.855
 %endblock lattice_cart

 %block positions_abs
O      61.35013998      62.45734901      61.37811391
H      62.99420187      62.53482779      62.20392431
C      59.87048427      61.00792892      62.90312304
C      60.98164335      60.33896581      65.25394257
H      63.02254776      60.54872543      65.36354669
C      59.62104040      59.41488964      67.17957369
H      60.54322684      58.77049297      68.89922463
C      56.91873177      59.19190194      67.05296202
H      55.77355763      58.57396143      68.64222184
C      55.80190352      59.67945133      64.65867879
H      53.80068336      59.24103482      64.50939041
C      57.19274209      60.74147751      62.63856136
C      55.60159253      61.37831528      60.29341100
H      54.66995746      59.65488488      59.64901433
H      54.31657864      62.91088332      60.80741656
H      56.84314272      62.03971949      58.78351968
 %endblock positions_abs
