 %block lattice_cart
   137.614   0.000   0.000
   0.000 142.646   0.000
   0.000   0.000   160.855
 %endblock lattice_cart

 %block positions_abs
O      66.18311501      60.22085791      64.01806156
H      66.74814319      61.89515542      63.50216628
C      63.83985439      60.01676748      63.60799095
C      62.58885558      57.86625892      64.59064864
H      63.64521258      56.56234777      65.77361731
C      59.99048190      57.62059450      64.16923967
H      58.94546324      55.99165042      64.86087950
C      58.59397415      59.43662149      62.78784973
H      56.58519508      59.20985433      62.42502228
C      59.89221613      61.60413757      61.87889138
H      58.81885158      62.84757748      60.64490009
C      62.54350214      61.90460406      62.23793938
C      64.02693730      64.08534822      61.09465496
H      65.17022171      65.26642716      62.33998460
H      65.48769574      63.38992894      59.81531024
H      62.87609398      65.38170048      59.97593698
 %endblock positions_abs
