 %block lattice_cart
   137.614   0.000   0.000
   0.000 142.646   0.000
   0.000   0.000   160.855
 %endblock lattice_cart

 %block positions_abs
O      61.16589165      59.45929820      62.96548401
H      61.83674450      61.03344022      62.28518254
C      58.97191941      58.75254057      61.84298658
C      57.93256992      56.53400188      62.67068670
H      59.10420025      55.18851675      63.69113891
C      55.47970518      55.86881822      61.99038523
H      54.79751398      54.05846040      62.68013534
C      54.00760838      57.45996777      60.40679458
H      52.05930054      56.91572659      60.05152603
C      55.16790033      59.73897770      59.60555062
H      54.03406455      60.96352035      58.40935387
C      57.70202332      60.39471273      60.23671921
C      58.87176391      62.80222405      59.00839711
H      58.39933233      64.41038115      60.21026305
H      60.92589641      62.72474528      59.16524439
H      58.28783848      63.03843984      57.04308174
 %endblock positions_abs
