 %block lattice_cart
   137.614   0.000   0.000
   0.000 142.646   0.000
   0.000   0.000   160.855
 %endblock lattice_cart

 %block positions_abs
O      62.43106342      61.93956399      64.48954828
H      63.98252873      62.55750450      65.26433607
C      61.04211459      60.59974804      66.10337456
C      61.72619552      60.40132678      68.68096124
H      63.25498409      61.60508244      69.33858600
C      60.36937202      58.98025259      70.29478751
H      61.00809951      59.03316492      72.24876453
C      58.06579565      57.92767503      69.60692714
H      57.02455645      57.02627558      71.13193628
C      57.29667704      58.23003124      67.02367127
H      55.38427401      57.63854691      66.56824722
C      58.70074368      59.57929583      65.36638129
C      57.70485791      60.13487537      62.79257406
H      59.17128554      60.24070004      61.34693343
H      56.19874605      58.76293406      62.45620277
H      56.51622006      61.81862151      62.91351654
 %endblock positions_abs
