 %block lattice_cart
   137.614   0.000   0.000
   0.000 142.646   0.000
   0.000   0.000   160.855
 %endblock lattice_cart

 %block positions_abs
O      60.62920938      59.24575914      65.31346895
H      60.95613203      60.85013678      64.47254074
C      58.76782896      58.17806376      64.02089615
C      57.76438429      55.92173056      64.92796478
H      58.53728235      55.01088247      66.59848285
C      56.04095389      54.56490705      63.56169266
H      55.47781545      52.67896020      64.14561809
C      55.00727360      55.53433665      61.32992588
H      53.79217958      54.27955839      60.24711271
C      55.79717920      57.85114111      60.52868193
H      55.07152429      58.74687138      58.82792825
C      57.71525141      59.21174406      61.85526980
C      58.58641524      61.58713004      60.83859704
H      57.86831924      63.26709674      61.79668828
H      60.64432719      61.62114511      60.67608058
H      57.86076033      61.70240335      58.91107620
 %endblock positions_abs
