 %block lattice_cart
   137.614   0.000   0.000
   0.000 142.646   0.000
   0.000   0.000   160.855
 %endblock lattice_cart

 %block positions_abs
O      64.15071436      58.95568615      65.15378708
H      64.60802813      60.69801381      64.77017264
C      61.78477702      58.40766552      64.36388148
C      60.56779327      56.48203439      65.66023373
H      61.44651601      55.54095070      67.26083192
C      58.05256755      55.88677060      65.04607268
H      57.20974961      54.18034775      65.82275019
C      56.84314271      57.29839616      63.26972995
H      54.84381227      56.90911254      62.99760936
C      57.97130932      59.30717524      62.03573866
H      56.88660641      60.63943228      60.91135151
C      60.49976312      59.87220340      62.55919285
C      61.73186468      62.14554415      61.29496595
H      61.86036607      63.70267865      62.64612026
H      63.67072388      61.63342832      60.81686519
H      60.56401382      62.75025657      59.70570612
 %endblock positions_abs
