 %block lattice_cart
   137.614   0.000   0.000
   0.000 142.646   0.000
   0.000   0.000   160.855
 %endblock lattice_cart

 %block positions_abs
O      60.16055726      60.24164491      62.45903735
H      61.55895472      61.16950052      63.21870733
C      58.55428989      59.17394953      64.11443761
C      59.57096264      58.75443029      66.51627975
H      61.41155608      59.50276192      67.04162367
C      58.02705624      57.42217325      68.28317386
H      58.83396938      56.97052866      70.11620837
C      55.67434698      56.55667860      67.60476211
H      54.54429065      55.63827160      69.05418219
C      54.69735848      57.11414785      65.26906039
H      52.93424383      56.18062305      64.78906989
C      56.19591146      58.38404394      63.46248202
C      55.20002568      58.86781388      60.84143163
H      55.08664210      60.89360047      60.46348637
H      56.62865877      58.22341720      59.49972595
H      53.34620417      58.03444457      60.48805282
 %endblock positions_abs
