 %block lattice_cart
   137.614   0.000   0.000
   0.000 142.646   0.000
   0.000   0.000   160.855
 %endblock lattice_cart

 %block positions_abs
O      63.25781867      57.85681029      64.00861293
H      64.03260647      59.51598999      63.82153003
C      60.64999636      58.17806376      63.91601634
C      59.12687696      56.10314427      64.72859866
H      59.99048188      54.37215498      65.41645904
C      56.52472382      56.33936007      64.84009251
H      55.42301339      54.80490230      65.64700565
C      55.43624146      58.67884125      63.85176565
H      53.41045485      58.97930772      64.02373074
C      56.92912526      60.52132440      62.77084220
H      56.28472858      62.33546165      62.05841538
C      59.59174962      60.24542435      62.80485727
C      61.22447316      62.39404318      61.92424481
H      62.61531173      62.89860009      63.36421626
H      62.03138630      61.98019311      60.07420275
H      60.06607093      64.08534822      61.68235984
 %endblock positions_abs
