 %block lattice_cart
   137.614   0.000   0.000
   0.000 142.646   0.000
   0.000   0.000   160.855
 %endblock lattice_cart

 %block positions_abs
O      63.61308724      60.82840492      64.19380611
H      65.17400116      61.18367347      65.10087474
C      62.06918083      59.66244378      65.82841937
C      62.94979329      59.13143069      68.19813617
H      64.73180521      59.97235890      68.78584105
C      61.50415266      57.81429145      70.00471452
H      62.17122605      57.66689280      71.94168399
C      59.21002492      56.72391937      69.28472880
H      57.88910622      55.66378291      70.44691048
C      58.26705149      57.23036602      66.90556337
H      56.43401696      56.55573372      66.26683588
C      59.70891266      58.69112446      65.18024325
C      58.34641999      59.51315540      62.69714287
H      58.40878096      58.00704353      61.28929677
H      56.41889915      60.06873494      63.18091281
H      59.08341325      61.15343784      61.68802902
 %endblock positions_abs
