 %block lattice_cart
   137.614   0.000   0.000
   0.000 142.646   0.000
   0.000   0.000   160.855
 %endblock lattice_cart

 %block positions_abs
O      59.78072227      62.78899597      62.16896437
H      60.90321970      63.71685159      63.29335152
C      58.53728236      61.12036763      63.62594335
C      59.07774408      60.68006140      66.07880812
H      60.60275322      61.69295470      67.01233290
C      57.79461991      58.69206932      67.32602748
H      58.25949259      58.30089597      69.28945311
C      56.03906417      57.19162663      66.16006634
H      55.11687773      55.66472777      67.17862883
C      55.28506337      57.90405345      63.63728172
H      53.86965836      56.90249850      62.53935072
C      56.57196699      59.85236128      62.41651851
C      55.79717920      60.31723395      59.65751810
H      54.17012485      61.58524030      59.66318727
H      57.18990749      61.32823753      58.51990285
H      55.49482299      58.43128709      58.87139195
 %endblock positions_abs
