 %block lattice_cart
   137.614   0.000   0.000
   0.000 142.646   0.000
   0.000   0.000   160.855
 %endblock lattice_cart

 %block positions_abs
O      62.19579250      59.14087933      66.49454789
H      62.56428913      60.80572821      65.79912862
C      59.96780517      58.05239697      65.60259708
C      58.81129267      56.18723710      67.08792195
H      59.57663183      56.07574325      68.99276608
C      56.54929027      54.93623828      66.43218692
H      55.56852232      53.61154013      67.65861931
C      55.58741958      55.52016371      64.02089616
H      53.89800426      54.66222796      63.23099056
C      56.61543069      57.52705305      62.66407267
H      55.79528947      57.83885790      60.80647169
C      58.79050568      58.87064846      63.42374263
C      59.74670719      60.95690631      61.51322934
H      59.90355448      62.68033671      62.63761650
H      61.53060883      60.17644934      60.82725869
H      58.37098644      61.79783452      60.22632572
 %endblock positions_abs
