 %block lattice_cart
   137.614   0.000   0.000
   0.000 142.646   0.000
   0.000   0.000   160.855
 %endblock lattice_cart

 %block positions_abs
O      62.03611062      61.82618041      62.73021309
H      63.44584645      61.82618041      63.91129203
C      60.78133235      59.72102530      63.16107068
C      60.26543707      59.05206219      65.61015599
H      61.13471117      60.25392812      67.02745071
C      58.57224229      57.13587970      66.14116907
H      57.98264768      56.63888168      68.04601321
C      57.33447155      55.88488089      64.08325713
H      56.03056040      54.35798202      64.51789418
C      57.87871273      56.57652072      61.57559030
H      57.00187972      55.56740686      60.01656610
C      59.71930616      58.42278332      61.11827653
C      60.23898090      59.26938071      58.37439394
H      62.08713323      60.18778770      58.38195283
H      60.43551243      57.70846678      57.04024716
H      58.89916494      60.70935216      57.74700480
 %endblock positions_abs
