 %block lattice_cart
   137.614   0.000   0.000
   0.000 142.646   0.000
   0.000   0.000   160.855
 %endblock lattice_cart

 %block positions_abs
O      61.50226294      59.30528551      61.80235746
H      62.47169254      59.82307052      63.28012344
C      59.45568934      57.82940926      62.59226306
C      59.78828118      55.88866034      64.40451060
H      61.63076433      55.14788763      64.93741342
C      57.64722126      54.53561630      65.25677716
H      57.72092059      52.97092291      66.58714449
C      55.22459213      55.15355680      64.41773868
H      53.56352270      54.13877377      65.07347371
C      54.83530851      57.12454135      62.67730075
H      52.94558220      57.44579482      61.94030748
C      56.92912526      58.42656278      61.70598142
C      56.32252312      60.55628433      59.83137292
H      57.36754177      62.26459692      60.33026067
H      56.43401697      59.94779246      57.86038837
H      54.29862624      60.90966315      60.02412500
 %endblock positions_abs
