 %block lattice_cart
   137.614   0.000   0.000
   0.000 142.646   0.000
   0.000   0.000   160.855
 %endblock lattice_cart

 %block positions_abs
O      60.83613442      60.36825656      67.41673434
H      61.40872149      61.23186149      65.89739439
C      58.68184642      59.12292692      66.92918495
C      57.81257231      57.45618831      68.72631467
H      58.76121492      57.45429859      70.54801084
C      55.73198364      55.84803122      68.28600844
H      54.97609312      54.65372419      69.77700251
C      54.57547114      55.87826684      65.99754988
H      52.98999076      54.63482693      65.60070735
C      55.54679047      57.54689518      64.14372837
H      54.40350605      57.73397808      62.44675414
C      57.65761476      59.05867623      64.54812979
C      58.65727998      60.58935454      62.33526029
H      60.34291585      59.65205029      61.60015675
H      57.27966949      60.45896343      60.80458197
H      58.95585673      62.58868498      62.74344117
 %endblock positions_abs
