 %block lattice_cart
   137.614   0.000   0.000
   0.000 142.646   0.000
   0.000   0.000   160.855
 %endblock lattice_cart

 %block positions_abs
O      59.91489284      62.12097772      61.00394809
H      61.64966159      62.16444143      61.61621942
C      58.47492139      60.66966791      62.53462640
C      59.52938867      59.50937596      64.70025277
H      61.47013759      59.82118080      65.29173710
C      58.02705625      58.32451756      66.42935234
H      58.88877145      57.56484758      68.13388547
C      55.39844695      57.78594556      65.86999335
H      54.16634539      56.67100704      67.08319764
C      54.34397967      58.77616215      63.64767520
H      52.35787731      58.40766552      63.27161967
C      55.88221689      60.23314114      62.03006948
C      54.68413040      61.32729267      59.53374102
H      53.06274523      62.56695313      59.83609723
H      56.16756556      62.26459692      58.44714839
H      53.93957824      59.77204792      58.40179496
 %endblock positions_abs
