 %block lattice_cart
   137.614   0.000   0.000
   0.000 142.646   0.000
   0.000   0.000   160.855
 %endblock lattice_cart

 %block positions_abs
O      62.26098806      62.39026372      62.32959110
H      63.94095475      62.16916574      63.04579737
C      60.67550768      61.17327997      64.05869068
C      61.58824549      60.30211614      66.47943008
H      63.61025264      60.43439698      66.80824247
C      59.98197812      59.37803997      68.44663518
H      60.71141248      59.11725774      70.34958958
C      57.53100309      58.89427004      67.69641383
H      56.20063577      58.04200347      69.00788389
C      56.61637556      59.58024069      65.26433607
H      54.60759649      59.33646599      64.91662643
C      58.10547989      60.61770043      63.38216866
C      57.15494756      61.40949576      60.87639156
H      55.46742196      62.55844936      61.16929914
H      58.59113956      62.16538628      59.60082630
H      56.42551320      59.72197016      59.93530786
 %endblock positions_abs
