 %block lattice_cart
   137.614   0.000   0.000
   0.000 142.646   0.000
   0.000   0.000   160.855
 %endblock lattice_cart

 %block positions_abs
O      59.82324111      61.78555130      61.96487392
H      61.36336805      62.49419866      62.68108019
C      58.45507926      60.44762506      63.71287076
C      59.49253900      59.83913320      66.01455741
H      61.42005984      60.48919904      66.29612664
C      57.93729424      58.63159807      67.88916592
H      58.74987657      58.13082060      69.70897236
C      55.55434937      57.78311096      67.23721034
H      54.37893960      56.80990191      68.61482083
C      54.51688962      58.31790351      64.85615519
H      52.60637631      57.77366233      64.33081126
C      55.93985353      59.72952906      63.11760698
C      54.49421290      60.45518397      60.76111827
H      53.80257307      58.79411454      59.74633524
H      52.86148937      61.53043824      61.42252248
H      55.49387812      61.50587180      59.29091119
 %endblock positions_abs
