 %block lattice_cart
   137.614   0.000   0.000
   0.000 142.646   0.000
   0.000   0.000   160.855
 %endblock lattice_cart

 %block positions_abs
O      62.39326890      63.27087619      60.96331897
H      63.94662393      63.86236052      61.75133485
C      61.00809951      61.98586229      62.58281443
C      62.14760448      60.84635733      64.76922778
H      64.14126574      61.07879366      65.20575454
C      60.72464056      59.47252630      66.53045270
H      61.55234069      58.62214946      68.20663993
C      58.16217168      59.11536802      65.98621152
H      57.02833589      58.06279047      67.33547610
C      57.14360920      59.74275716      63.58436938
H      55.18774247      59.31000983      63.12516588
C      58.59869846      61.27343547      61.87605679
C      57.55179008      62.17483492      59.37405915
H      58.44563063      63.99275164      58.98099608
H      58.30579088      60.95218200      57.89440345
H      55.49765758      62.31845412      59.51200917
 %endblock positions_abs
