 %block lattice_cart
   137.614   0.000   0.000
   0.000 142.646   0.000
   0.000   0.000   160.855
 %endblock lattice_cart

 %block positions_abs
O      61.87926334      60.73580833      60.96331899
H      63.33813205      61.37642556      61.88739514
C      60.26732679      59.68512050      62.64139594
C      61.12526254      59.46213280      65.04323808
H      62.98286351      60.17266989      65.55535392
C      59.71741644      58.20546480      66.74021231
H      60.34669530      57.95224148      68.68096124
C      57.24754415      57.44201537      66.15439716
H      55.99276587      56.84108240      67.66617821
C      56.26299674      57.95224148      63.68452487
H      54.26744575      57.53839141      63.42941181
C      57.83146958      59.05395192      61.80991636
C      56.75243585      59.52638349      59.18886597
H      58.17728949      60.23503086      57.87550618
H      55.99843505      57.72169487      58.52935148
H      55.26900070      60.95312686      59.04335704
 %endblock positions_abs
