 %block lattice_cart
   137.614   0.000   0.000
   0.000 142.646   0.000
   0.000   0.000   160.855
 %endblock lattice_cart

 %block positions_abs
O      62.29405826      60.38053978      64.62088425
H      62.67578298      61.96413044      63.76294850
C      59.77694282      59.98558698      64.23915953
C      58.35019945      59.39977183      66.33864547
H      59.33096741      58.94434779      68.08475258
C      55.85765044      58.74781626      66.08731187
H      54.72003520      58.08452232      67.66334361
C      54.68413040      59.09741562      63.73271288
H      52.77361710      58.41522443      63.40012105
C      56.05040253      59.93834383      61.68424957
H      55.09609074      60.16511098      59.87956094
C      58.65822484      60.43345213      61.97715714
C      60.20402096      61.55217011      59.83042805
H      59.07774408      61.12887140      58.15424081
H      60.45157511      63.59118480      59.99483424
H      62.11453426      60.76793369      59.80019243
 %endblock positions_abs
