 %block lattice_cart
   137.614   0.000   0.000
   0.000 142.646   0.000
   0.000   0.000   160.855
 %endblock lattice_cart

 %block positions_abs
O      62.07579487      59.28827798      59.51578862
H      63.53088413      60.07251440      60.32648122
C      60.51488094      58.41711415      61.33559506
C      61.51454616      58.02783053      63.72042967
H      63.56300948      58.09586068      63.83759270
C      60.03866990      56.90722282      65.59503817
H      60.83046523      56.56140291      67.46019804
C      57.55367980      56.17211929      65.06591481
H      56.43496183      55.18946161      66.48320954
C      56.45196936      56.79383925      62.76422815
H      54.56602250      56.08519188      62.36549590
C      57.88816136      58.08074287      60.98032652
C      56.71842077      58.55884362      58.49344668
H      56.30835016      56.85431049      57.40307461
H      54.89672461      59.43945608      58.89028921
H      57.76154970      60.07440413      57.55425271
 %endblock positions_abs
