 %block lattice_cart
   137.614   0.000   0.000
   0.000 142.646   0.000
   0.000   0.000   160.855
 %endblock lattice_cart

 %block positions_abs
O      66.35791470      61.75720541      59.52429239
H      67.89804165      61.85169172      60.52773706
C      64.29433357      61.02777105      60.91135151
C      64.68361719      60.28510861      63.40201079
H      66.48074691      60.58557509      64.35065340
C      62.59546961      59.34969408      64.65678906
H      62.56334426      58.91127758      66.66367840
C      60.15205348      59.20040571      63.40201079
H      58.58924982      58.25365282      64.34309449
C      59.77599795      60.07912844      60.94536658
H      57.95997096      59.80133867      60.02884932
C      61.91516814      61.07690393      59.75483900
C      61.35391943      62.05956162      57.11111189
H      59.35269926      62.37892536      56.72182827
H      62.18917846      63.93228039      56.89946254
H      62.13626611      60.78777581      55.68814798
 %endblock positions_abs
