 %block lattice_cart
   137.614   0.000   0.000
   0.000 142.646   0.000
   0.000   0.000   160.855
 %endblock lattice_cart

 %block positions_abs
O      62.75231690      63.84629784      59.29847010
H      64.17906026      64.19022803      60.40962918
C      60.89471593      62.92033195      60.97843680
C      61.54100233      61.86586466      63.35004332
H      63.48175125      61.90365919      64.02089616
C      59.74387261      60.55817405      64.80702231
H      60.33913639      60.00259452      66.69296916
C      57.23431606      60.38242951      64.13239001
H      55.93985354      59.23536564      65.23787990
C      56.58236048      61.58807490      61.82692391
H      54.68129581      61.39910226      61.06914366
C      58.34547513      62.74269767      60.19420038
C      57.39683252      63.66299439      57.60905478
H      57.83902848      65.67744264      57.67141575
H      58.18862785      62.81261755      55.90452165
H      55.33892057      63.56472862      57.49189175
 %endblock positions_abs
