 %block lattice_cart
   137.614   0.000   0.000
   0.000 142.646   0.000
   0.000   0.000   160.855
 %endblock lattice_cart

 %block positions_abs
O      61.06290156      57.59980751      60.78946416
H      61.66950371      59.26087694      61.29591081
C      58.50232242      57.66405821      61.06158475
C      57.28155922      55.76866272      62.44486441
H      58.21508402      53.96586381      62.76989734
C      54.72286979      55.83102368      62.91540626
H      53.67785113      54.27955838      63.76200365
C      53.36604630      57.99665004      62.37305481
H      51.37049531      57.92673017      62.85493502
C      54.74743624      60.11125378      61.50567043
H      53.66084361      61.80633829      61.08993064
C      57.27022085      59.92984006      60.81781005
C      58.35870321      62.25420342      59.40240505
H      58.61948545      63.99464136      60.47954904
H      60.36181311      62.02932599      58.97154745
H      57.30234620      62.55278018      57.65440821
 %endblock positions_abs
