 %block lattice_cart
   137.614   0.000   0.000
   0.000 142.646   0.000
   0.000   0.000   160.855
 %endblock lattice_cart

 %block positions_abs
O      61.40872149      60.41644459      61.83448281
H      62.33090792      61.78838589      62.64139594
C      59.71174725      59.59819309      63.53523649
C      60.35425421      59.47725062      66.02211632
H      62.20618599      59.82684998      66.83847809
C      58.58736011      58.60608679      67.81735632
H      59.30167666      58.42467305      69.73542852
C      56.21197412      57.84641680      67.09926032
H      54.74743624      56.97336325      68.24254474
C      55.45230416      58.26026686      64.71253598
H      53.54557030      57.67256199      64.21931742
C      57.17762427      59.19946084      62.87005283
C      56.19307687      60.15944182      60.30758395
H      55.54301101      58.60797650      59.11138719
H      54.53200743      61.33674130      60.64017578
H      57.65572504      61.19690155      59.28713174
 %endblock positions_abs
