 %block lattice_cart
   137.614   0.000   0.000
   0.000 142.646   0.000
   0.000   0.000   160.855
 %endblock lattice_cart

 %block positions_abs
O      60.49314909      59.80984244      70.50832658
H      61.44557115      60.49014391      69.08725240
C      58.75082143      58.08074286      69.68251618
C      57.55084522      56.45368851      71.38704932
H      58.09886585      56.50093167      73.36559278
C      55.50427162      54.89088485      70.50454713
H      54.53484203      53.45280312      71.60436784
C      54.75782973      54.97970198      68.10270500
H      53.21581306      53.74571070      67.53389738
C      56.10520459      56.55951318      66.47754036
H      55.42868257      56.15322202      64.57836542
C      58.08941722      58.08452232      67.09548086
C      59.21191465      59.99692534      65.20008538
H      58.72436526      59.61142118      63.23477001
H      58.51460564      61.89987974      65.58558955
H      61.26604715      60.07629385      65.37394019
 %endblock positions_abs
