 %block lattice_cart
   137.614   0.000   0.000
   0.000 142.646   0.000
   0.000   0.000   160.855
 %endblock lattice_cart

 %block positions_abs
O      61.08841287      60.94840254      60.14979179
H      62.84585834      61.13359572      60.66568708
C      59.70324348      60.08479762      62.16801950
C      61.08274369      59.23442078      64.29207188
H      63.12175838      59.46496739      64.37144038
C      59.86198049      58.43317682      66.49549275
H      60.94857312      57.88893564      68.15089301
C      57.32785751      57.93428907      66.40667562
H      56.22614707      57.03099990      67.88633132
C      56.02772580      58.67884124      64.26939516
H      54.03028509      58.27255008      64.01239238
C      57.15589241      60.01865720      62.24549828
C      55.49293326      60.52888330      60.02695958
H      54.20602964      62.08979724      60.44080965
H      56.56818753      61.11469846      58.36400043
H      54.32508240      58.84324743      59.79830270
 %endblock positions_abs
