 %block lattice_cart
   137.614   0.000   0.000
   0.000 142.646   0.000
   0.000   0.000   160.855
 %endblock lattice_cart

 %block positions_abs
O      60.86070085      63.03843985      60.91607583
H      62.28744423      63.85669134      61.73810676
C      59.39427323      61.82901501      62.73021309
C      60.13882540      61.91405269      65.27000524
H      61.69973934      63.02521176      66.00699850
C      58.79522999      60.47219151      66.93485413
H      59.45852394      60.56478810      68.87560305
C      56.68440571      58.90749813      66.20353005
H      55.70741720      57.68673493      67.53389737
C      55.86048503      59.05489678      63.78657010
H      54.22398204      57.92106099      63.27256454
C      57.19274208      60.52132440      61.99133010
C      56.32535771      60.60447236      59.27201393
H      55.67907131      62.52821374      58.90162757
H      57.87871274      60.19062229      57.97755140
H      54.89483489      59.15505227      58.93942209
 %endblock positions_abs
