 %block lattice_cart
   137.614   0.000   0.000
   0.000 142.646   0.000
   0.000   0.000   160.855
 %endblock lattice_cart

 %block positions_abs
O      63.70851841      62.06334107      60.43608534
H      65.40549263      61.98964175      61.14284298
C      62.03800034      60.62336962      61.90440269
C      62.85058266      59.66527837      64.23065578
H      64.81400830      59.91661197      64.77678668
C      61.16872624      58.28388844      65.80668752
H      62.14571474      57.32957665      67.33925555
C      58.55523475      57.99287059      65.08859152
H      57.36092772      57.01588209      66.44541502
C      57.70485791      58.96230019      62.84548639
H      55.72820419      58.70529741      62.35982673
C      59.44718557      60.33991067      61.22599094
C      58.47208679      61.20162587      58.68430905
H      59.53411298      62.88537202      58.13250897
H      58.85759096      59.70874208      57.31425747
H      56.47086663      61.65327046      58.90729675
 %endblock positions_abs
