 %block lattice_cart
   137.614   0.000   0.000
   0.000 142.646   0.000
   0.000   0.000   160.855
 %endblock lattice_cart

 %block positions_abs
O      61.96146643      58.43317682      64.33837017
H      63.08585359      59.85803046      64.02278589
C      59.54828593      58.67695151      63.66940707
C      57.84375280      56.76643821      64.24766332
H      58.48625974      55.19985510      65.40795526
C      55.31340926      56.75887931      63.49177279
H      54.09075634      55.11670714      63.65995843
C      54.42523790      58.88293168      62.11605204
H      52.50149651      58.96230019      61.39984576
C      55.99749019      60.95974090      61.71543006
H      55.51560998      62.52254456      60.47199014
C      58.57885633      60.65171551      62.26345069
C      60.28716892      62.84001858      61.24677793
H      61.79894997      62.09357669      60.05814008
H      59.25726808      64.27621058      60.18097229
H      61.20368618      63.99086191      62.69430829
 %endblock positions_abs
