 %block lattice_cart
   137.614   0.000   0.000
   0.000 142.646   0.000
   0.000   0.000   160.855
 %endblock lattice_cart

 %block positions_abs
O      59.83080002      58.92639539      62.27856850
H      61.55612014      59.32134819      62.77556652
C      58.57980119      57.59035888      64.08703657
C      59.69284999      57.27288486      66.50399652
H      61.55045096      58.07979800      66.84225753
C      58.44941008      56.01621687      68.52033450
H      59.24687459      56.00109905      70.41006082
C      56.00788368      55.05812562      68.09892554
H      55.17829383      53.97342272      69.63527303
C      54.93829859      55.06190508      65.67818612
H      53.12794078      54.13971864      65.37582991
C      56.09292137      56.67006217      63.81869544
C      54.68696499      57.18595745      61.41496357
H      54.17106971      55.34158457      60.64206550
H      52.87093800      58.12515143      61.70031224
H      55.67907131      58.42561791      60.09593461
 %endblock positions_abs
