 %block lattice_cart
   137.614   0.000   0.000
   0.000 142.646   0.000
   0.000   0.000   160.855
 %endblock lattice_cart

 %block positions_abs
O      63.78788691      58.85458578      64.23443523
H      64.69306581      60.14904832      63.28957207
C      61.42572902      58.38782339      63.51255977
C      60.03866990      56.52077379      64.68419009
H      60.83235496      55.49087296      66.27533964
C      57.62926886      55.88582575      64.00388861
H      56.41984402      54.53278171      64.96575931
C      56.63527281      57.32201774      62.07258832
H      54.68885471      57.20863418      61.42630192
C      57.89194081      59.31567900      60.90284774
H      57.06424069      60.57045729      59.50445026
C      60.30512131      59.77110305      61.57748003
C      61.90760923      61.76476431      60.26978942
H      62.31956956      63.22930220      61.66251771
H      63.57434784      60.97107925      59.34571325
H      60.91550291      62.64348705      58.68997822
 %endblock positions_abs
