 %block lattice_cart
   137.614   0.000   0.000
   0.000 142.646   0.000
   0.000   0.000   160.855
 %endblock lattice_cart

 %block positions_abs
O      60.27299598      62.00853901      66.70619725
H      61.66761399      62.00098010      65.50244158
C      58.48531489      60.25298326      66.00321906
C      56.87148861      59.15694200      67.83436385
H      57.06802014      59.41961396      69.86015046
C      54.93262942      57.49020339      67.02367127
H      53.72887376      56.40739021      68.28600844
C      54.64917046      57.04611771      64.48198938
H      53.04668255      55.90094356      63.89806394
C      56.18173850      58.21963775      62.75288980
H      55.93040490      58.06845964      60.71954429
C      58.13760524      59.81078730      63.42563237
C      59.75143152      61.10336010      61.32614643
H      61.45974409      60.02243665      60.91229637
H      58.73286902      61.21674368      59.53279616
H      60.03678018      62.96285079      62.17274382
 %endblock positions_abs
