 %block lattice_cart
   137.614   0.000   0.000
   0.000 142.646   0.000
   0.000   0.000   160.855
 %endblock lattice_cart

 %block positions_abs
O      61.33785675      61.75342595      66.66178868
H      61.91989246      62.88726173      65.33142135
C      59.60686745      60.09235652      65.90778788
C      58.40878097      58.59947273      67.80885255
H      59.00404476      58.78655563      69.76660901
C      56.81574169      56.69840806      67.17579423
H      56.06363061      55.68740449      68.79906914
C      56.36031764      56.13149017      64.60009727
H      55.31718872      54.40805977      64.19191639
C      57.39588766      57.60547669      62.79729837
H      56.97636842      56.95352112      60.89623370
C      58.96247078      59.61992494      63.38689298
C      60.13788054      61.22808203      61.24016388
H      59.65222088      60.64226688      59.32209168
H      59.53316812      63.18016932      61.52740228
H      62.19579250      61.34335534      61.29685567
 %endblock positions_abs
