 %block lattice_cart
   137.614   0.000   0.000
   0.000 142.646   0.000
   0.000   0.000   160.855
 %endblock lattice_cart

 %block positions_abs
O      62.38476512      62.24664453      61.75227972
H      63.84363384      62.89860010      62.66690725
C      60.66889363      61.22997177      63.25461213
C      61.35486428      60.64415660      65.77550704
H      63.27671594      60.79722444      66.48604413
C      59.55017565      59.65394002      67.40067167
H      60.12276272      59.00576390      69.26394181
C      57.21447393      58.93395429      66.54462564
H      55.81418673      58.07790827      67.78239638
C      56.49448820      59.59157905      64.09554034
H      54.48759886      59.45173930      63.67224164
C      58.19713161      60.76887854      62.45903735
C      57.40722601      61.69673417      59.87200203
H      58.34075081      63.49953307      59.48838759
H      57.90611376      60.29266751      58.44714839
H      55.37388050      62.04633354      59.77562599
 %endblock positions_abs
