 %block lattice_cart
   137.614   0.000   0.000
   0.000 142.646   0.000
   0.000   0.000   160.855
 %endblock lattice_cart

 %block positions_abs
O      60.58952513      61.21485396      61.98377119
H      62.01626850      62.27499041      62.45053359
C      59.40088728      59.88259690      63.75255502
C      60.27961002      59.87503801      66.25077320
H      61.96902534      60.91816693      66.78745548
C      58.90388926      58.52388369      68.01010840
H      59.56529347      58.37081586      69.94896760
C      56.57952590      57.40705544      67.47342613
H      55.56474287      56.28455801      68.86237497
C      55.60820657      57.49020340      64.96764904
H      53.81674603      56.58880395      64.52167363
C      56.98959651      58.73553304      63.04201792
C      55.96158539      58.81679126      60.40773944
H      57.04250884      60.01676748      59.12272555
H      55.94835731      56.96863894      59.49122218
H      54.02839537      59.52165918      60.27167915
 %endblock positions_abs
