 %block lattice_cart
   137.614   0.000   0.000
   0.000 142.646   0.000
   0.000   0.000   160.855
 %endblock lattice_cart

 %block positions_abs
O      62.31295552      64.00786944      62.27667877
H      64.11953388      63.99653108      62.62438841
C      60.99770601      62.25231370      63.57303102
C      61.72336091      61.49264372      66.00888823
H      63.47891666      62.20129109      66.80824247
C      60.30417645      59.80322840      67.37327063
H      60.97313957      59.17017008      69.21008461
C      58.20091106      58.55033985      66.18274306
H      57.13321570      57.14060402      67.22965143
C      57.35620340      59.28166393      63.75822420
H      55.72347987      58.52577341      62.76800761
C      58.69790908      61.22052313      62.52045346
C      57.66989797      62.23152671      60.04680172
H      59.33285713      62.69639938      58.91674538
H      56.41134025      60.83123951      59.20020433
H      56.49826766      63.91527285      60.27167915
 %endblock positions_abs
