 %block lattice_cart
   137.614   0.000   0.000
   0.000 142.646   0.000
   0.000   0.000   160.855
 %endblock lattice_cart

 %block positions_abs
O      60.33913639      61.31973376      62.76989734
H      62.02099281      61.29327760      63.51822895
C      58.94451837      59.65677461      64.03601396
C      59.22797732      59.39221292      66.63249791
H      60.56212410      60.52604871      67.70775219
C      58.03367029      57.47036126      67.98554196
H      58.34169568      57.35886741      70.01321830
C      56.14961316      56.05117680      66.85170616
H      54.95341640      54.80395744      67.95908579
C      55.67907130      56.47258577      64.19853043
H      54.07658339      55.61465003      63.23854945
C      57.09636604      58.27349495      62.85493502
C      56.21953303      58.94434779      60.29435586
H      54.37893960      59.86653423      60.45687232
H      57.52533391      60.20101579      59.30791873
H      56.10803918      57.20390985      59.19264543
 %endblock positions_abs
