 %block lattice_cart
   137.614   0.000   0.000
   0.000 142.646   0.000
   0.000   0.000   160.855
 %endblock lattice_cart

 %block positions_abs
O      60.73881351      60.05550686      62.26534041
H      62.02949658      61.20068101      62.90784736
C      59.49159414      58.94056834      64.27034002
C      60.85030736      58.34908400      66.42840748
H      62.73247477      59.16166632      66.31124444
C      59.63710307      57.31162426      68.63938726
H      60.66511418      57.23981466      70.41384027
C      57.11620817      56.77683171      68.74143249
H      56.30362585      55.94157268      70.43273754
C      55.74237714      57.37398522      66.59848285
H      53.74304670      56.90155365      66.58525475
C      56.92912526      58.37176072      64.35348799
C      55.21703322      59.10497453      62.25022260
H      56.28094914      59.77771709      60.61749906
H      53.86209946      57.61587019      61.79857801
H      54.04918236      60.66210901      62.93808298
 %endblock positions_abs
