 %block lattice_cart
   137.614   0.000   0.000
   0.000 142.646   0.000
   0.000   0.000   160.855
 %endblock lattice_cart

 %block positions_abs
O      61.83957909      62.52254457      61.00300323
H      63.14349025      63.18961794      62.11605203
C      60.22008364      61.25831765      62.63383704
C      60.95140773      60.87092377      65.08859152
H      62.87136966      61.30745054      65.67440668
C      59.31301501      59.78811058      66.85548562
H      59.98953702      59.20985434      68.70741741
C      56.87904752      59.07001458      66.05235194
H      55.63371788      58.33680078      67.51311038
C      55.99087615      59.78244141      63.59759746
H      54.08225257      59.67472700      62.84737612
C      57.66517366      60.90115938      62.01022736
C      56.64472146      61.90460405      59.45153793
H      57.06235097      60.56478811      57.93786715
H      54.59814786      62.10302531      59.62728248
H      57.32124348      63.80188927      59.00745225
 %endblock positions_abs
