 %block lattice_cart
   137.614   0.000   0.000
   0.000 142.646   0.000
   0.000   0.000   160.855
 %endblock lattice_cart

 %block positions_abs
O      63.22096902      58.44734976      67.12760621
H      63.68962114      59.98180754      66.22998621
C      60.70007411      58.01460244      66.90839796
C      59.83457946      56.16078092      68.47120162
H      61.11581390      55.07229858      69.65228057
C      57.37226608      55.39922123      68.36537695
H      56.52755842      54.14444296      69.75432579
C      55.75088090      56.42345289      66.48887872
H      53.86493404      55.61465003      66.42651775
C      56.64094199      58.17333946      64.78434558
H      55.28033905      58.97647314      63.46909607
C      59.15805744      59.13898959      65.09426070
C      60.00087538      61.40855090      63.59948719
H      58.78767109      61.85830576      61.99321982
H      59.86103563      63.09985595      64.77300723
H      61.88682224      61.07406934      62.83225830
 %endblock positions_abs
