 %block lattice_cart
   137.614   0.000   0.000
   0.000 142.646   0.000
   0.000   0.000   160.855
 %endblock lattice_cart

 %block positions_abs
O      62.37059217      61.64287697      65.82558478
H      63.35702931      62.93733949      64.96764903
C      59.82513083      61.50681667      65.42118335
C      58.53066831      60.66588846      67.40161653
H      59.45474447      60.16511099      69.16662091
C      55.89827956      60.62620421      67.42429325
H      54.92129105      60.32195827      69.20252570
C      54.66617800      61.56161873      65.33425594
H      52.61393522      61.55217010      65.32102785
C      56.07024465      62.41199557      63.24232892
H      54.97798284      63.23213679      61.70598141
C      58.69318477      62.47246682      63.24988782
C      60.02733156      63.17355528      60.78946415
H      60.30701104      65.21445970      60.87072239
H      61.97563938      62.49136408      60.83481758
H      58.96908482      62.65199082      59.09626938
 %endblock positions_abs
