 %block lattice_cart
   137.614   0.000   0.000
   0.000 142.646   0.000
   0.000   0.000   160.855
 %endblock lattice_cart

 %block positions_abs
O      61.59863898      61.07784880      61.58503894
H      63.04805906      60.90966315      62.70753636
C      59.87331886      59.36008758      62.45053359
C      60.59141486      58.04483806      64.64261611
H      62.44145692      58.19223672      65.52322858
C      58.84719747      56.61998442      65.89928410
H      59.34041604      55.63165756      67.63216313
C      56.49826766      56.22125217      64.87694217
H      55.27183528      54.77561154      65.66873750
C      55.66867781      57.63098800      62.88139118
H      53.77517204      57.37398522      62.12550067
C      57.32407806      59.33174168      61.78912938
C      56.18079364      61.15154812      59.76145304
H      57.02172185      63.02804635      59.93908731
H      56.35653819      60.39376787      57.84905002
H      54.16823512      61.41044063      60.13183940
 %endblock positions_abs
