 %block lattice_cart
   137.614   0.000   0.000
   0.000 142.646   0.000
   0.000   0.000   160.855
 %endblock lattice_cart

 %block positions_abs
O      62.47830658      62.89954497      61.60488106
H      64.03544107      63.36252790      62.46659626
C      61.02132760      61.27438034      63.01461689
C      61.80556402      60.47691583      65.36732615
H      63.66883415      61.07028988      65.99282556
C      60.25598844      58.96513477      66.78651061
H      60.59424945      58.46246758      68.74804652
C      57.93918398      58.08830176      65.83219882
H      56.80723792      56.96391461      67.12666135
C      57.04156398      58.94056833      63.55696834
H      55.11026368      58.58152033      62.95792510
C      58.58358064      60.47124664      62.14912224
C      57.49320857      61.65421532      59.72460338
H      58.21886348      63.58551562      59.68113967
H      58.11114908      60.55439460      58.09187985
H      55.44474524      61.81862150      59.91168628
 %endblock positions_abs
