 %block lattice_cart
   137.614   0.000   0.000
   0.000 142.646   0.000
   0.000   0.000   160.855
 %endblock lattice_cart

 %block positions_abs
O      59.73536884      62.48097059      68.69418932
H      60.53472307      63.52787895      67.40728570
C      58.52783372      60.38526410      67.96097552
C      57.06329583      59.13615500      69.60881686
H      56.66456358      59.82779483      71.50043290
C      55.73103878      57.01588209      68.84158797
H      54.41389954      55.98031206      70.03400527
C      55.88788607      56.15227716      66.40573076
H      54.81263179      54.47797964      65.89361493
C      57.53194796      57.30123075      64.65206473
H      57.80973773      56.48108954      62.78690486
C      58.90766871      59.42528314      65.49677241
C      60.72180597      60.60825181      63.63728170
H      62.40177267      61.55689442      64.36860580
H      61.36620265      59.24764886      62.22376643
H      59.75804555      62.06334107      62.53746099
 %endblock positions_abs
