 %block lattice_cart
   137.614   0.000   0.000
   0.000 142.646   0.000
   0.000   0.000   160.855
 %endblock lattice_cart

 %block positions_abs
O      60.65377583      60.65171551      62.88989495
H      62.13721099      60.97863816      63.93113415
C      58.75838034      59.35914271      64.17868831
C      59.38765920      58.27066036      66.45202905
H      61.26037798      58.71663577      67.17012505
C      57.76816375      57.02911017      67.97325874
H      58.39933234      56.24298402      69.76471929
C      55.26805584      56.83068891      67.18335314
H      53.88477618      55.58913872      68.05451697
C      54.52917285      57.98909114      64.82686442
H      52.55629858      58.00987813      64.25805680
C      56.29984641      58.98875636      63.23004570
C      55.46647710      60.07156953      60.69214325
H      54.26839062      58.75443029      59.64901432
H      54.44035571      61.83090473      61.02662481
H      57.00849377      60.40983054      59.36177593
 %endblock positions_abs
