 %block lattice_cart
   137.614   0.000   0.000
   0.000 142.646   0.000
   0.000   0.000   160.855
 %endblock lattice_cart

 %block positions_abs
O      61.94918321      60.83974328      62.26250582
H      62.68995592      62.24758938      63.18847171
C      59.93473496      60.21235414      63.56452725
C      60.36748229      59.77582737      66.10809887
H      62.33657711      59.92700547      66.67690649
C      58.41728474      58.57207171      67.50082715
H      58.72719985      58.00515381      69.44913499
C      56.09481109      57.92956476      66.38021946
H      54.62082458      56.89588447      67.36854632
C      55.74521172      58.46813676      63.91790607
H      54.01422242      58.09397095      62.88044633
C      57.65194557      59.51882459      62.38155857
C      57.57635653      59.67189242      59.54696911
H      59.31490473      59.07095945      58.61344431
H      55.93607409      58.65710939      58.81375529
H      57.29667704      61.59941326      58.86477791
 %endblock positions_abs
