 %block lattice_cart
   137.614   0.000   0.000
   0.000 142.646   0.000
   0.000   0.000   160.855
 %endblock lattice_cart

 %block positions_abs
O      61.93878972      61.88665166      66.28100882
H      63.15199401      62.16633115      64.92607506
C      60.43267785      59.83062943      65.89550466
C      59.61631608      58.53427718      68.05168238
H      60.21913877      59.00859848      69.95652650
C      58.01193844      56.54250564      67.81735632
H      57.17667941      55.63543701      69.46141821
C      57.13132598      55.76393840      65.40417581
H      55.95213676      54.08208198      65.35126348
C      57.69824387      57.30595507      63.33303577
H      56.64755604      56.70502211      61.67007662
C      59.24781945      59.47914033      63.57870020
C      59.97914353      60.93611932      61.32236698
H      62.03894521      60.96446522      61.18063750
H      59.01727284      60.24825894      59.63295165
H      59.32340850      62.87875797      61.55669304
 %endblock positions_abs
