 %block lattice_cart
   137.614   0.000   0.000
   0.000 142.646   0.000
   0.000   0.000   160.855
 %endblock lattice_cart

 %block positions_abs
O      61.62131570      61.28193924      64.05774582
H      62.76271039      62.10208046      65.24638367
C      59.94323873      60.12731646      65.51661453
C      60.49503881      59.29583688      67.98459709
H      62.40177266      59.22780674      68.74426707
C      58.71113717      57.92956476      69.31685414
H      59.21191465      57.24170438      71.18768319
C      56.36409709      57.39477221      68.41923415
H      55.03939895      56.38376864      69.61921035
C      55.70458261      58.35853263      65.97014884
H      53.90934261      57.97869764      65.04796240
C      57.57352193      59.59819309      64.55096438
C      57.07463419      60.59785831      61.89022973
H      55.23215103      60.00070480      61.17591319
H      57.17856913      62.65577027      62.00361331
H      58.32374328      59.72102530      60.49939117
 %endblock positions_abs
