 %block lattice_cart
   137.614   0.000   0.000
   0.000 142.646   0.000
   0.000   0.000   160.855
 %endblock lattice_cart

 %block positions_abs
O      61.91233355      60.46652233      66.87154829
H      63.01215426      61.06556557      65.52039398
C      60.27772029      58.68262069      65.83597828
C      58.67145292      57.38059926      67.54429087
H      58.75460088      57.92861989      69.52283431
C      57.07463419      55.50410103      66.71092157
H      55.76694358      54.74065160      68.10176012
C      57.15967187      54.80868175      64.24860818
H      55.73481823      53.49721169      63.55885808
C      58.68468101      56.03322440      62.50439078
H      58.80373376      55.64960996      60.48994253
C      60.16244698      58.14404869      63.28484776
C      61.78761161      59.61047631      61.50472557
H      60.91266833      59.95629623      59.66791159
H      62.49436925      61.36036288      62.33998460
H      63.39387898      58.48419943      60.86599807
 %endblock positions_abs
