 %block lattice_cart
   137.614   0.000   0.000
   0.000 142.646   0.000
   0.000   0.000   160.855
 %endblock lattice_cart

 %block positions_abs
O      60.45063025      60.62431448      62.29935548
H      61.71863660      61.79594479      62.93808298
C      59.01443825      59.49047870      64.01900643
C      60.04622882      59.00292931      66.32825198
H      61.97185993      59.40733074      66.91595687
C      58.75176629      57.71980514      68.15939678
H      59.74576233      57.17934341      69.87337855
C      56.27622482      57.01493722      67.77011316
H      55.30679522      56.14944258      69.35937299
C      55.13671986      57.60453183      65.43819089
H      53.20730929      57.19446122      64.86182436
C      56.58802966      58.69868337      63.54657485
C      55.46931169      59.28827797      61.00678269
H      54.97420339      57.54217087      60.02223528
H      53.67407169      60.27282538      61.26756492
H      56.53700705      60.35786307      59.60082631
 %endblock positions_abs
