 %block lattice_cart
   137.614   0.000   0.000
   0.000 142.646   0.000
   0.000   0.000   160.855
 %endblock lattice_cart

 %block positions_abs
O      61.80461914      60.35408361      62.83887234
H      62.61531173      61.09863578      64.31474859
C      60.22669767      58.58718952      63.74405125
C      60.14165999      57.95980038      66.26683587
H      61.51549102      59.06718000      67.31563397
C      58.42011932      56.20802409      67.16256614
H      58.31996382      55.98881583      69.20158084
C      56.62487932      55.08930611      65.59031386
H      55.32852707      53.62287849      66.21203381
C      56.77416770      55.59575277      63.01272717
H      55.52505861      54.65088961      61.68802901
C      58.42767822      57.44579482      62.16424004
C      58.30295629      58.32073811      59.49027732
H      60.21913877      58.51537991      58.75328406
H      57.20691502      57.00926804      58.33376482
H      57.47903561      60.21046442      59.39201155
 %endblock positions_abs
