 %block lattice_cart
   137.614   0.000   0.000
   0.000 142.646   0.000
   0.000   0.000   160.855
 %endblock lattice_cart

 %block positions_abs
O      61.73280955      60.20762983      62.26156096
H      63.20490634      60.49297850      63.32925633
C      59.89410584      58.83001934      63.38405839
C      60.53661279      57.93617880      65.83692314
H      62.36019868      58.36892612      66.68163079
C      58.66389401      56.51510461      67.19941581
H      59.09664134      55.88393602      69.10614965
C      56.46236286      55.96519426      65.98054233
H      55.05451676      54.81435094      66.93674386
C      55.82174564      57.23509034      63.79790844
H      53.85643027      57.20296499      63.20264466
C      57.51871987      58.53522204      62.34092946
C      56.72125536      59.68417564      59.83326264
H      54.80507288      60.44384562      59.94475650
H      58.18768298      60.83312924      58.94698100
H      56.34142037      58.19507130      58.45565216
 %endblock positions_abs
