 %block lattice_cart
   137.614   0.000   0.000
   0.000 142.646   0.000
   0.000   0.000   160.855
 %endblock lattice_cart

 %block positions_abs
O      62.53310865      62.27499041      61.23260498
H      63.79733555      62.22585754      62.56864148
C      60.50165286      61.03344022      62.28707226
C      61.04589404      59.27410502      64.22026228
H      63.02443749      59.30056120      64.77962127
C      59.20719033      57.70752192      65.20103024
H      59.53033353      56.53967105      66.86020994
C      56.65228036      58.01554730      64.40356573
H      55.11215341      57.07446360      65.38433369
C      56.16662070      59.73708798      62.52328805
H      54.18996697      59.98464213      62.02062085
C      58.02800111      61.16005190      61.36299609
C      57.42706815      62.92316655      59.10855260
H      58.82357589      64.44061677      59.10477315
H      57.60659215      61.89326569      57.32843042
H      55.59214390      63.82645572      59.39012182
 %endblock positions_abs
