 %block lattice_cart
   137.614   0.000   0.000
   0.000 142.646   0.000
   0.000   0.000   160.855
 %endblock lattice_cart

 %block positions_abs
O      59.60308799      64.55305548      61.16551969
H      61.16778138      65.07839939      61.97810201
C      58.27650012      63.19812171      62.79824323
C      59.37632084      62.26648665      64.95820040
H      61.41533553      62.49892299      65.07536344
C      58.09508639      60.89832480      66.83280891
H      59.14388451      60.51093090      68.55623930
C      55.57041204      60.19723633      66.33959034
H      54.32130295      59.12387178      67.56413299
C      54.54429065      60.90210424      63.97932217
H      52.68479996      60.24447950      63.40484537
C      55.82930454      62.27971472      62.19164108
C      54.69924821      62.96379565      59.66885645
H      54.21547827      64.95745691      59.89373389
H      56.09197651      62.64632163      58.17597267
H      53.00983288      61.84696741      59.27957283
 %endblock positions_abs
