 %block lattice_cart
   137.614   0.000   0.000
   0.000 142.646   0.000
   0.000   0.000   160.855
 %endblock lattice_cart

 %block positions_abs
O      62.58035180      56.25904670      63.98121191
H      63.44962590      57.78972501      63.44641936
C      60.04055963      56.30817958      63.58814882
C      58.63460326      54.37876902      64.82591956
H      59.69284999      53.03517361      65.96542453
C      56.04567821      54.22948064      64.45364348
H      55.04979244      52.74037630      65.45708816
C      54.87971707      55.94346240      62.89272955
H      52.82747430      55.96046994      62.81903021
C      56.25921728      57.99381545      61.90062323
H      55.23687535      59.32607250      60.71387510
C      58.85381151      58.06373533      62.07447806
C      60.42984325      60.00259452      60.44553397
H      61.76399003      58.84797175      59.37594887
H      59.34514035      60.94934741      58.96587827
H      61.52021534      61.34430021      61.57181086
 %endblock positions_abs
