 %block lattice_cart
   137.614   0.000   0.000
   0.000 142.646   0.000
   0.000   0.000   160.855
 %endblock lattice_cart

 %block positions_abs
O      61.79611539      62.01231845      61.96298420
H      63.19829230      62.46774249      63.06469464
C      60.18795829      60.54778056      63.45208853
C      60.78322207      59.95062704      65.92007109
H      62.41027644      60.73108402      66.89894933
C      59.13349100      58.70340769      67.46775695
H      59.41317049      58.59002410      69.50110247
C      56.91873176      57.87381783      66.40762048
H      55.78867543      56.58880394      67.54334600
C      56.45574881      58.14404870      63.78279063
H      54.72286980      57.43351159      62.93808297
C      57.89949972      59.81834620      62.44675413
C      57.07368932      60.59502372      59.72554824
H      58.51366077      59.95062704      58.39518092
H      55.23687535      59.89582498      59.09248993
H      56.86581942      62.63214868      59.48177355
 %endblock positions_abs
