 %block lattice_cart
   137.614   0.000   0.000
   0.000 142.646   0.000
   0.000   0.000   160.855
 %endblock lattice_cart

 %block positions_abs
O      61.96146643      62.86741961      62.89272954
H      63.32206937      63.65354576      63.85271051
C      60.53094361      61.52760366      64.60293186
C      61.76115544      60.67155764      66.74588149
H      63.78694206      60.98714193      66.85737535
C      60.31173537      59.60953145      68.67529206
H      61.31895949      58.88765600      70.31368477
C      57.73225894      59.07662863      68.37104612
H      56.77794715      57.78405583      69.65228056
C      56.59464371      59.77393764      66.12416154
H      54.60098244      59.30717524      65.94652726
C      57.90611377      61.22146799      64.35348798
C      56.38110463      62.26837637      62.23699451
H      55.80095866      64.15243351      62.84926584
H      57.56218357      62.32317843      60.54568946
H      54.57830572      61.33863103      61.86093897
 %endblock positions_abs
