 %block lattice_cart
   137.614   0.000   0.000
   0.000 142.646   0.000
   0.000   0.000   160.855
 %endblock lattice_cart

 %block positions_abs
O      62.32051442      58.49742751      66.80540788
H      62.97247001      60.09613597      66.17234956
C      59.73725855      58.54656041      66.47470577
C      58.34642000      57.30123076      68.18679781
H      59.19490710      56.89871906      70.01227343
C      55.68568534      57.08391223      67.96003065
H      54.42523789      55.97086343      69.14110960
C      54.54051119      58.27255008      65.89455979
H      52.49204787      58.38404394      65.80385293
C      56.03150525      59.25142831      64.01617184
H      55.16601060      60.13393050      62.37588940
C      58.66767346      59.46685711      64.30907942
C      60.26827165      60.52699357      62.26439555
H      61.37943072      62.18239382      62.78973946
H      61.42289444      59.10402966      61.31197348
H      59.10608998      61.14304436      60.67324599
 %endblock positions_abs
