 %block lattice_cart
   137.614   0.000   0.000
   0.000 142.646   0.000
   0.000   0.000   160.855
 %endblock lattice_cart

 %block positions_abs
O      60.65661041      63.07623437      61.93180372
H      62.15327365      63.65638035      62.83509290
C      59.80812330      60.96729981      63.06941896
C      60.71519193      60.28132915      65.45236383
H      62.08146405      61.31689917      66.58430989
C      59.50765681      58.30656516      66.74493664
H      60.16528157      57.78878015      68.62143486
C      57.61226132      56.85336562      65.57141660
H      56.59747829      55.45874760      66.68635511
C      56.93007012      57.49587257      63.12800046
H      55.29167741      56.73620259      62.15101197
C      57.95619151      59.54622562      62.01306194
C      57.13982974      60.40416136      59.37878346
H      55.19530137      59.80700785      59.01784574
H      56.82235572      62.43939660      59.47326977
H      58.65916970      59.93550924      58.06542367
 %endblock positions_abs
