 %block lattice_cart
   137.614   0.000   0.000
   0.000 142.646   0.000
   0.000   0.000   160.855
 %endblock lattice_cart

 %block positions_abs
O      61.88965683      60.93800906      61.81086123
H      62.91199877      61.07028990      63.33587036
C      59.62387498      60.09519111      62.67635588
C      59.55395511      58.60797651      64.86654868
H      61.37943073      58.11097848      65.66401318
C      57.35053423      57.57996540      65.76983785
H      57.41100547      56.17778846      67.26839082
C      55.09987019      58.40010661      64.85521032
H      53.36321171      57.70468733      65.70369743
C      55.10742910      60.19912607      62.88611550
H      53.30840965      60.82651519      62.11699689
C      57.38454930      60.94745769      61.78062561
C      57.42234383      62.89009634      59.69625748
H      57.71336168      64.69478496      60.65434872
H      58.92278652      62.59151957      58.31297782
H      55.57608122      63.03371553      58.78729913
 %endblock positions_abs
