 %block lattice_cart
   137.614   0.000   0.000
   0.000 142.646   0.000
   0.000   0.000   160.855
 %endblock lattice_cart

 %block positions_abs
O      60.05662231      63.41638511      64.20325474
H      61.68178694      63.35402414      65.06496994
C      58.68279128      61.62303484      65.53740152
C      59.75804555      60.62147989      67.58397511
H      61.47013759      61.50776153      68.28884303
C      58.46169330      58.91127758      69.15811713
H      59.31395987      58.26688090      70.91178315
C      56.03717444      58.14404869      68.48915402
H      54.96758935      56.91383686      69.74015284
C      54.91089756      59.14749337      66.39155781
H      52.97770754      58.75443029      65.81330156
C      56.19969090      60.95785117      64.91379183
C      54.96380990      62.32790275      62.63856135
H      54.65200505      60.70462785      61.40268035
H      53.27628430      63.40126730      63.14689773
H      56.38866354      63.54866595      61.77684616
 %endblock positions_abs
