 %block lattice_cart
   137.614   0.000   0.000
   0.000 142.646   0.000
   0.000   0.000   160.855
 %endblock lattice_cart

 %block positions_abs
O      60.43551244      59.70968694      66.59942771
H      61.14604953      60.93989877      65.42968712
C      58.77255328      57.99003600      65.62999811
C      57.82202094      56.18156792      67.32886207
H      58.31334979      56.12298640      69.32252333
C      56.19118714      54.41089436      66.33108657
H      55.50143703      53.08619622      67.73893268
C      55.39561236      54.33152586      63.74783070
H      54.11248819      52.91234140      62.99760936
C      56.30646044      56.24014943      62.20959348
H      55.79812406      56.12109668      60.22349113
C      57.93729425      58.21302370      63.13555938
C      58.45318953      60.45612884      61.48771803
H      57.30423593      61.98302770      62.26628527
H      60.42417408      60.96446522      61.83164822
H      57.92217644      60.04794795      59.53563075
 %endblock positions_abs
