 %block lattice_cart
   137.614   0.000   0.000
   0.000 142.646   0.000
   0.000   0.000   160.855
 %endblock lattice_cart

 %block positions_abs
O      59.91583770      60.88982103      66.09014647
H      60.62448506      61.94239859      64.75788941
C      57.79745450      59.57457152      65.23410044
C      56.62582418      57.89271509      66.91784660
H      57.21541879      57.89460483      68.88505168
C      54.81357665      56.13715935      66.08258756
H      54.01800187      54.75765915      67.37893981
C      54.24287930      56.01054769      63.53523649
H      52.79156950      54.68962900      62.92674461
C      55.54679046      57.51665956      61.83448281
H      55.40884044      56.98186702      59.85593935
C      57.14549892      59.56323316      62.64139594
C      58.57791147      61.12414709      60.72332374
H      60.46385833      60.29077779      60.60238125
H      57.71808599      60.86903403      58.86572278
H      58.71397176      63.09891108      61.30724917
 %endblock positions_abs
