 %block lattice_cart
   137.614   0.000   0.000
   0.000 142.646   0.000
   0.000   0.000   160.855
 %endblock lattice_cart

 %block positions_abs
O      60.33252235      60.42683808      63.58058992
H      61.52493966      61.49453345      64.49143800
C      58.82830021      59.19095707      65.25866688
C      59.85442160      58.65616452      67.57547135
H      61.80650888      59.19473652      67.92318098
C      58.40311179      57.38815817      69.38393942
H      59.36309275      56.82879918      71.11114928
C      55.85387099      56.97808756      68.74521194
H      54.85987495      56.15038743      70.33825122
C      54.71625575      57.64327122      66.48320954
H      52.72637394      57.31445884      66.09203619
C      56.25449297      58.85647551      64.67852090
C      55.05640649      59.59724823      62.14817738
H      56.12788131      61.13170599      61.28268273
H      54.80885234      58.02310621      60.83670731
H      53.10620893      60.24731408      62.33148082
 %endblock positions_abs
