 %block lattice_cart
   137.614   0.000   0.000
   0.000 142.646   0.000
   0.000   0.000   160.855
 %endblock lattice_cart

 %block positions_abs
O      60.67267308      64.15337837      60.95764980
H      62.18445414      64.62014077      61.89873350
C      59.58230100      62.24475479      62.28045822
C      60.60464295      61.50398208      64.57269623
H      62.54350213      61.92917050      65.10370933
C      59.27049616      59.90527362      66.25644238
H      60.03961477      59.30812010      68.06491046
C      56.90833827      59.05678650      65.50811076
H      55.65733945      57.80956714      66.55690886
C      55.76127441      59.93550924      63.32547687
H      53.79217958      59.47819547      62.96264942
C      57.10109035      61.48886427      61.63984100
C      55.61954492      62.36569728      59.32492626
H      56.76660880      62.08034860      57.63173149
H      53.93957823      61.19028751      59.08682075
H      55.26238666      64.39715306      59.36272079
 %endblock positions_abs
