 %block lattice_cart
   137.614   0.000   0.000
   0.000 142.646   0.000
   0.000   0.000   160.855
 %endblock lattice_cart

 %block positions_abs
O      61.63265406      61.12887141      66.08636701
H      62.26760210      62.26459692      64.78434558
C      59.61064690      59.90054930      65.31157923
C      58.41445014      58.36987099      67.05012743
H      59.28183452      58.16578055      68.90016949
C      56.52850328      56.55195428      66.25644238
H      55.68946480      55.17434379      67.52822819
C      55.49293326      56.67667621      63.85082079
H      53.92446042      55.39166232      63.52767759
C      56.72125537      58.31317920      62.11227258
H      56.35275874      58.12798602      60.10160378
C      58.73570362      59.90810821      62.83414803
C      59.84308324      61.67122286      60.79513334
H      59.45757907      63.67622248      61.10315873
H      61.83863422      61.26304197      60.47199014
H      58.76404951      61.51059612      59.04146732
 %endblock positions_abs
