 %block lattice_cart
   137.614   0.000   0.000
   0.000 142.646   0.000
   0.000   0.000   160.855
 %endblock lattice_cart

 %block positions_abs
O      61.87926334      62.78332679      62.21904211
H      63.40238275      62.94773299      63.23949432
C      60.84558304      60.52699357      62.74249630
C      61.93217567      58.79600428      64.45647807
H      63.71607731      59.24575914      65.37110560
C      60.70574330      56.55856832      65.04418295
H      61.78477702      55.33780513      66.29707150
C      58.35870322      55.92739973      63.84042729
H      57.55179008      54.10759330      64.34687394
C      57.34769964      57.63004315      62.10376881
H      55.76032954      56.91194714      61.01339673
C      58.58736010      59.89582499      61.48015913
C      57.02455644      61.64760128      59.85877395
H      55.80001379      60.53077303      58.62667239
H      55.76032954      62.93072544      60.86599807
H      58.19429703      62.58490554      58.44147921
 %endblock positions_abs
