 %block lattice_cart
   137.614   0.000   0.000
   0.000 142.646   0.000
   0.000   0.000   160.855
 %endblock lattice_cart

 %block positions_abs
O      62.59357989      58.60041759      66.64194655
H      63.45340536      60.11786782      66.05613139
C      59.99898566      58.49081347      66.56068832
C      58.90861358      56.47069604      67.83814331
H      60.03678019      55.08363693      68.84725716
C      56.22709194      56.34786383      67.78523097
H      55.17640411      54.77750126      68.59025438
C      54.81546637      58.16389082      66.34903897
H      52.86337910      57.62153936      66.01644714
C      55.96819943      60.01015342      64.97142849
H      54.81735611      61.31217485      63.87538723
C      58.54578613      60.39376787      65.31535868
C      59.73064452      62.34774487      63.55980293
H      60.96085635      61.74870163      62.01778626
H      58.13382579      63.17733472      62.54879936
H      60.58102136      63.91432799      64.59915241
 %endblock positions_abs
