 %block lattice_cart
   137.614   0.000   0.000
   0.000 142.646   0.000
   0.000   0.000   160.855
 %endblock lattice_cart

 %block positions_abs
O      61.72241606      62.53199319      60.92741418
H      63.18128477      63.08568300      61.90440269
C      60.39771791      60.69517921      62.26156096
C      61.55612014      59.67472700      64.43096676
H      63.39482384      60.36825656      65.02623055
C      60.38826928      57.73397808      65.73298819
H      61.13849063      57.29178212      67.59247888
C      57.98642714      56.93840330      64.91284698
H      56.90928314      55.53055720      65.95219644
C      56.77133312      58.07223909      62.98343640
H      54.82302529      57.51099038      62.64139594
C      58.01477303      59.96952431      61.53212660
C      56.47653581      60.90304911      59.33437489
H      57.23053661      62.71907609      58.70509603
H      56.34425497      59.81645648      57.58448833
H      54.55657388      61.28477382      59.98822019
 %endblock positions_abs
