 %block lattice_cart
   137.614   0.000   0.000
   0.000 142.646   0.000
   0.000   0.000   160.855
 %endblock lattice_cart

 %block positions_abs
O      60.70574330      60.35975279      64.71820517
H      62.28366477      60.38998841      65.66495804
C      59.21852869      58.53427717      65.69330393
C      59.64938629      57.72358458      68.28033927
H      61.29722763      58.36987098      69.32157846
C      57.85225657      56.28361313      69.44819012
H      58.10736962      55.87354252      71.44563084
C      55.71497611      55.45024383      68.20663993
H      54.23343068      54.30317996      69.04567841
C      55.30679522      56.15700148      65.74054709
H      53.67407169      55.28961709      64.84859628
C      57.02266671      57.77271748      64.48009964
C      56.19496659      58.71002172      61.96487392
H      56.74865640      57.25682219      60.60805043
H      54.16162108      59.05773136      61.90062322
H      56.90928314      60.54116653      61.34315396
 %endblock positions_abs
