 %block lattice_cart
   137.614   0.000   0.000
   0.000 142.646   0.000
   0.000   0.000   160.855
 %endblock lattice_cart

 %block positions_abs
O      63.20774094      60.12259214      67.23626547
H      63.87481433      61.64571154      66.44447014
C      60.81912688      59.68417564      66.48226467
C      59.45663421      58.02877539      67.99404573
H      60.17850966      57.73208836      69.89511039
C      57.07746878      57.28233350      67.31752370
H      55.99843506      56.22975594      68.71025199
C      56.10614946      57.89649455      64.98749116
H      54.17484916      57.46563694      64.43569107
C      57.47809076      59.44418040      63.33209092
H      56.84692217      59.79944895      61.41023924
C      59.81001303      60.33235176      64.10120951
C      61.32368381      62.08034860      62.32864624
H      61.62981947      63.85480161      63.33209092
H      63.06979092      61.19028751      61.68235983
H      60.09347198      62.63403840      60.76773230
 %endblock positions_abs
