 %block lattice_cart
   137.614   0.000   0.000
   0.000 142.646   0.000
   0.000   0.000   160.855
 %endblock lattice_cart

 %block positions_abs
O      61.55045095      61.06745530      64.06341499
H      63.24175600      60.80856280      64.74182674
C      59.80245411      59.78244141      65.54118097
C      60.58669053      59.10402966      67.82963954
H      62.52177028      59.56512288      68.33797591
C      59.14293963      57.68484520      69.50582678
H      59.91583770      57.30501021      71.37287637
C      56.55212486      57.28044377      68.98993149
H      55.32569248      56.24487375      70.27116593
C      55.63938706      58.12326171      66.66934758
H      53.68352031      57.75287535      66.15723175
C      57.23620578      59.44229067      64.92701992
C      56.24220974      60.13204078      62.37777912
H      57.63682776      61.33012726      61.44047487
H      55.64505623      58.40105148      61.42724679
H      54.64728073      61.38870877      62.74438603
 %endblock positions_abs
