 %block lattice_cart
   137.614   0.000   0.000
   0.000 142.646   0.000
   0.000   0.000   160.855
 %endblock lattice_cart

 %block positions_abs
O      61.56367904      64.34046127      61.79385369
H      63.32490396      64.53132364      62.29274144
C      60.18417883      62.72285555      63.35854708
C      61.32368380      61.81200747      65.46748164
H      63.28710944      62.12759176      65.98904611
C      59.80245411      60.49108878      67.11721272
H      60.60747752      59.96952432      68.93323970
C      57.28911812      59.94306814      66.57864072
H      56.13638507      58.96230018      67.96569983
C      56.11559808      60.74620182      64.21459310
H      54.15217244      60.30211614      63.80452249
C      57.78233669      61.99531092      62.59320792
C      56.54267622      63.01765286      60.35766169
H      54.68129581      63.79810982      60.79040902
H      57.72753462      64.50297774      59.55452801
H      56.42929265      61.62303483      58.84210119
 %endblock positions_abs
