 %block lattice_cart
   137.614   0.000   0.000
   0.000 142.646   0.000
   0.000   0.000   160.855
 %endblock lattice_cart

 %block positions_abs
O      62.07485001      59.98936643      65.59125872
H      62.91955768      60.99281111      64.30057565
C      59.96402572      59.25993209      64.31191401
C      58.20091108      57.81807090      65.74621628
H      58.64121730      57.38532358      67.70208301
C      56.16000665      56.65777895      64.56135788
H      54.86365440      55.34630888      65.46842651
C      55.68568534      57.37020576      62.10471367
H      54.03784400      56.55384401      61.19008614
C      57.20691503      58.90088409      60.69119839
H      56.61543070      59.47536089      58.81092071
C      59.42734344      59.85519587      61.84204171
C      61.06006698      61.59374408      60.34159902
H      62.97813919      60.83407410      60.36427574
H      60.50259772      61.77893726      58.36305557
H      60.94668340      63.49858821      61.12583544
 %endblock positions_abs
