 %block lattice_cart
   137.614   0.000   0.000
   0.000 142.646   0.000
   0.000   0.000   160.855
 %endblock lattice_cart

 %block positions_abs
O      63.52332523      60.86147513      66.63344278
H      64.25275959      61.65704991      65.14433845
C      61.39927285      59.71819071      66.04195845
C      60.38448982      58.01554730      67.70491760
H      61.12715226      57.86247948      69.61354118
C      58.10170043      56.97430810      67.24193466
H      57.23998523      55.70063258      68.60442733
C      56.74487695      57.55823353      65.05930076
H      54.80601774      56.91383687      64.84387196
C      57.60470241      59.55756398      63.56263752
H      56.41984401      60.09991542      61.97526742
C      60.05756717      60.40983054      63.92168552
C      61.09880637      62.14837875      61.78251534
H      61.62792973      63.94172903      62.65934835
H      62.78633196      61.28477382      60.96615357
H      59.81757193      62.18617327      60.16490961
 %endblock positions_abs
