 %block lattice_cart
   137.614   0.000   0.000
   0.000 142.646   0.000
   0.000   0.000   160.855
 %endblock lattice_cart

 %block positions_abs
O      62.76082066      60.57423673      60.77151176
H      64.17055649      61.16950053      61.79385369
C      61.09408205      58.93206456      61.97526742
C      61.64399241      58.03066511      64.46214725
H      63.42033514      58.39538229      65.42779739
C      59.96591544      56.56234777      65.70180771
H      60.49503881      55.75354491      67.51594497
C      57.50171233      56.14282853      64.69647331
H      56.12410185      55.02789001      65.73393305
C      56.93101498      57.32579721      62.38911748
H      55.05640648      57.14438347      61.57464544
C      58.70735772      58.59191383      60.92080014
C      58.03839460      59.71819071      58.28274220
H      57.96847473      58.35191860      56.73883581
H      56.37921490      60.94462309      58.31864700
H      59.59930854      60.90871829      57.64968389
 %endblock positions_abs
