 %block lattice_cart
   137.614   0.000   0.000
   0.000 142.646   0.000
   0.000   0.000   160.855
 %endblock lattice_cart

 %block positions_abs
O      61.90194005      64.44345136      61.94503180
H      63.73686430      64.39998766      62.06597428
C      60.69818439      62.50270244      63.14311828
C      61.99831610      61.39343308      65.11221310
H      63.90693967      61.71657629      65.79440430
C      60.68306658      59.73236367      66.55974346
H      61.42761875      58.97647313      68.31718893
C      58.21697374      58.92545053      65.95503103
H      57.32313320      57.72736405      67.36287714
C      56.90928313      59.71346639      63.81397112
H      55.01955682      59.02938547      63.39634161
C      58.20941484      61.59941326      62.45147845
C      56.70330297      62.78616138      60.31230826
H      54.73042870      62.18144897      60.29530073
H      56.65039063      64.83084525      60.56931104
H      57.60659214      62.04160922      58.60966486
 %endblock positions_abs
