 %block lattice_cart
   137.614   0.000   0.000
   0.000 142.646   0.000
   0.000   0.000   160.855
 %endblock lattice_cart

 %block positions_abs
O      60.02733155      62.29010823      66.35376329
H      60.39960764      63.72063105      65.25394257
C      57.83902848      61.04099913      65.78495567
C      56.62393446      59.91283253      67.81074228
H      57.47998048      60.34746958      69.62676926
C      54.67184718      58.22719665      67.32319289
H      53.77233746      57.44862941      68.99938013
C      53.93296419      57.64327122      64.87977676
H      52.38527834      56.35069843      64.48860342
C      55.01199792      59.07001459      62.91824085
H      54.17295944      59.19473653      61.04741180
C      57.04534343      60.74431210      63.29807584
C      57.95808124      62.49041922      61.29496595
H      56.89794478      62.53199320      59.52618212
H      58.07335455      64.43494759      61.97715715
H      59.83268974      61.81200747      60.76395285
 %endblock positions_abs
