 %block lattice_cart
   137.614   0.000   0.000
   0.000 142.646   0.000
   0.000   0.000   160.855
 %endblock lattice_cart

 %block positions_abs
O      61.54005746      63.29922208      62.28612740
H      63.17656045      63.59401938      63.07792272
C      60.10764492      61.90271433      64.04924205
C      61.16967111      61.49642318      66.49454790
H      63.03861043      62.28065960      66.82713973
C      59.67867705      60.40794082      68.39372284
H      60.60086349      60.04889282      70.19274229
C      57.27683490      59.58779959      67.92885017
H      55.91245250      59.12670637      69.39338806
C      56.16567583      60.53266276      65.82369506
H      54.14555840      60.26999079      65.56291283
C      57.55273494      61.51532043      63.72987830
C      56.37354573      62.08790751      61.25811628
H      57.26738627      60.99942515      59.75200441
H      54.34397967      61.72885951      61.37905877
H      56.71180674      64.02865644      60.64017578
 %endblock positions_abs
