 %block lattice_cart
   137.614   0.000   0.000
   0.000 142.646   0.000
   0.000   0.000   160.855
 %endblock lattice_cart

 %block positions_abs
O      61.67706262      62.16538630      66.88950070
H      62.64838195      63.32567825      65.84070260
C      59.65316575      61.07690394      65.81235670
C      58.23020184      59.80511813      67.58114052
H      58.93884920      59.65394002      69.50299218
C      56.12882618      58.40483092      66.74210204
H      54.92884996      57.44296024      68.10459471
C      55.35025892      58.35758777      64.33837017
H      53.58525455      57.42784242      63.84515160
C      56.83558381      59.53299754      62.61305006
H      56.37827005      59.01332281      60.67986003
C      59.02010742      60.95974091      63.22154192
C      60.80967825      62.27121096      61.41307384
H      60.90605429      64.27054141      61.91196159
H      62.72019155      61.50587180      61.24866765
H      59.93095552      62.15971712      59.54980370
 %endblock positions_abs
