 %block lattice_cart
   137.614   0.000   0.000
   0.000 142.646   0.000
   0.000   0.000   160.855
 %endblock lattice_cart

 %block positions_abs
O      63.87575919      59.87976231      64.88166649
H      64.77337918      60.99092138      63.72326426
C      61.34730538      59.63220817      64.42813217
C      60.01126887      58.33963537      66.20825436
H      60.95235258      57.43256674      67.79184501
C      57.35809314      58.21113398      65.84353718
H      56.17701419      57.22658657      67.20225040
C      56.26394160      59.30150606      63.82153003
H      54.32319268      58.79883886      63.37177516
C      57.69068497      60.66210901      62.03384894
H      56.87243347      61.42744816      60.31230826
C      60.21913878      60.99470084      62.41368392
C      61.73658900      62.28349418      60.42002266
H      60.85597653      61.90176947      58.59265732
H      62.05595274      64.28471435      60.81497546
H      63.53938790      61.29138787      60.24427812
 %endblock positions_abs
