 %block lattice_cart
   137.614   0.000   0.000
   0.000 142.646   0.000
   0.000   0.000   160.855
 %endblock lattice_cart

 %block positions_abs
O      61.33974648      60.65077065      67.41956892
H      62.30728636      61.58051600      66.15723175
C      59.20813520      59.44134581      66.70147293
C      58.12910148      57.65933390      68.29451221
H      58.90010980      57.57618594      70.19746660
C      56.03906416      56.25715697      67.42712783
H      55.23215104      54.79450881      68.62521431
C      55.15278252      56.69935293      64.95725554
H      53.57297134      55.60331167      64.23538009
C      56.34142038      58.47191621      63.38500326
H      56.06363062      58.45112922      61.34976801
C      58.39555289      59.82496025      64.36766094
C      59.78072227      61.75437082      62.68202506
H      59.54450648      63.56850808      63.63444712
H      61.76115544      61.16855566      62.67824561
H      59.15144341      61.91688728      60.72426860
 %endblock positions_abs
