 %block lattice_cart
   137.614   0.000   0.000
   0.000 142.646   0.000
   0.000   0.000   160.855
 %endblock lattice_cart

 %block positions_abs
O      61.03644541      63.91621772      61.28646217
H      62.60869770      63.54394163      62.16707464
C      59.47742120      62.11719827      62.05558078
C      60.16339185      60.74714669      64.17396399
H      61.81123319      61.19501183      65.31535867
C      58.75554575      58.57207170      64.81080175
H      59.28277939      57.55917840      66.52100406
C      56.67306735      57.97302846      63.38783783
H      55.72631447      56.23825971      63.94152765
C      55.94930217      59.36386703      61.30346971
H      54.42807249      58.73458817      60.07325788
C      57.34958937      61.43500707      60.62316825
C      56.76755366      62.49892298      58.02479457
H      57.05668179      61.19879128      56.44687310
H      54.80034857      63.09607650      57.84149111
H      57.92595589      64.19400748      57.82448358
 %endblock positions_abs
