 %block lattice_cart
   137.614   0.000   0.000
   0.000 142.646   0.000
   0.000   0.000   160.855
 %endblock lattice_cart

 %block positions_abs
O      61.56745850      62.23247157      59.75200441
H      62.88459774      62.70112370      60.95009090
C      59.87237400      60.88131726      61.09937928
C      60.77566318      59.39788210      63.07603300
H      62.77688334      59.49614787      63.52956731
C      59.18829307      57.97113874      64.58781405
H      59.84402811      56.89399474      66.20730950
C      56.69574407      57.76515857      63.80546736
H      55.45041443      56.52360838      64.86938327
C      55.79434462      59.14843823      61.71354033
H      53.83658816      59.10497452      61.09182037
C      57.33825101      60.78494122      60.38317300
C      56.30457072      62.30050172      58.14762677
H      54.32602727      61.72791465      57.99455894
H      56.43307211      64.32061915      58.54824875
H      57.07935851      61.65988450      56.34482787
 %endblock positions_abs
