 %block lattice_cart
   137.614   0.000   0.000
   0.000 142.646   0.000
   0.000   0.000   160.855
 %endblock lattice_cart

 %block positions_abs
O      62.88365288      63.13387103      61.60015675
H      64.03827565      63.81228277      62.86438365
C      61.18667865      61.45579406      62.75666925
C      61.95012808      60.52415899      65.09615043
H      63.87197974      60.94745768      65.68385531
C      60.35141962      59.06718000      66.69863834
H      60.89566079      58.31506893      68.53167286
C      57.90800349      58.59663815      65.83503342
H      56.62865878      57.42500783      66.93296440
C      57.15589242      59.45457389      63.32358715
H      55.26238665      59.18434303      62.57903498
C      58.70735772      61.08351798      61.97621228
C      57.59619865      62.38553941      59.68397427
H      55.91623196      63.47213204      60.19609010
H      59.04750846      63.64976631      58.94131183
H      57.54706577      61.00603920      58.15140623
 %endblock positions_abs
