 %block lattice_cart
   137.614   0.000   0.000
   0.000 142.646   0.000
   0.000   0.000   160.855
 %endblock lattice_cart

 %block positions_abs
O      60.52527444      59.27599475      63.35854708
H      62.15043907      60.02999555      63.77050741
C      58.78483651      58.91505702      65.25394257
C      59.51805031      57.96830414      67.56885730
H      61.48903485      57.63760204      68.04695806
C      57.85131171      57.75854452      69.55873911
H      58.54673098      57.79066987      71.49192913
C      55.31529899      57.79633905      68.97670341
H      54.02083647      57.96074524      70.56596324
C      54.50460640      58.28766789      66.36510164
H      52.48448897      58.20640966      66.00227419
C      56.20724981      58.93017483      64.58120000
C      55.25293802      59.73519824      62.11132772
H      56.48881903      60.84257786      60.88678506
H      54.63499752      58.06468018      61.06819880
H      53.66745764      61.03532995      62.32864625
 %endblock positions_abs
