 %block lattice_cart
   137.614   0.000   0.000
   0.000 142.646   0.000
   0.000   0.000   160.855
 %endblock lattice_cart

 %block positions_abs
O      64.05244860      61.45012488      63.51161491
H      65.44517690      62.26081747      64.40356573
C      62.64838194      60.37109115      65.28606792
C      63.65749580      59.74370202      67.58775457
H      65.53588376      60.42400349      68.06018615
C      62.26665723      58.45490867      69.40945074
H      62.93939981      58.00893326      71.29917705
C      59.85536646      57.72736404      68.76316434
H      58.78956082      56.52927756      70.04817823
C      58.85570123      58.20357507      66.33486602
H      56.99243110      57.51949415      65.80385293
C      60.18984802      59.63409789      64.59820754
C      58.88593686      60.27849456      62.15668115
H      59.98575758      61.61264134      61.02851454
H      58.57980120      58.55695389      61.06252961
H      57.15872701      61.38398446      62.38533803
 %endblock positions_abs
