 %block lattice_cart
   137.614   0.000   0.000
   0.000 142.646   0.000
   0.000   0.000   160.855
 %endblock lattice_cart

 %block positions_abs
O      59.28466911      60.86336485      62.67068671
H      60.95707690      61.52854852      63.05052170
C      58.20941484      59.38181942      64.38655819
C      59.36025817      59.00387416      66.79973870
H      61.20274132      59.87314827      67.05107230
C      58.14516415      57.51854928      68.64978075
H      59.05979168      57.24831842      70.47147692
C      55.91906655      56.24865320      68.05073752
H      55.05546162      55.11670714      69.53039322
C      54.78145131      56.53211214      65.69235907
H      52.92007089      55.77055244      65.27472957
C      55.83402887      58.14404869      63.87066292
C      54.44696975      58.93962347      61.51228448
H      53.80257308      60.88793130      61.72393382
H      55.69418912      58.72797412      59.88145067
H      52.70275237      57.96641442      61.00016865
 %endblock positions_abs
