 %block lattice_cart
   137.614   0.000   0.000
   0.000 142.646   0.000
   0.000   0.000   160.855
 %endblock lattice_cart

 %block positions_abs
O      61.91989245      59.35725299      65.98054235
H      62.73814395      60.36447711      64.67285173
C      59.66922841      58.49553779      65.19441620
C      58.63365840      56.45463337      66.51344517
H      59.57474210      55.42851198      68.02333649
C      56.16567583      55.67417640      65.98999097
H      55.53072779      53.96964327      66.94241304
C      54.70680712      56.83635808      64.19664070
H      52.81708080      56.12960044      63.81680572
C      55.93890867      58.56923711      62.66029321
H      54.77672699      59.17772899      61.07859228
C      58.28972821      59.66905783      63.25744673
C      59.27049616      61.92539105      61.79290883
H      61.08274370      61.50965126      60.89906828
H      57.98548227      62.44317606      60.26223051
H      59.47836606      63.52220978      63.08170218
 %endblock positions_abs
