 %block lattice_cart
   137.614   0.000   0.000
   0.000 142.646   0.000
   0.000   0.000   160.855
 %endblock lattice_cart

 %block positions_abs
O      61.50698725      63.00914909      62.25778150
H      63.10947517      62.83529427      63.14784260
C      59.71930616      61.65421532      63.56925156
C      60.34480557      60.39565760      65.78401080
H      62.21563462      60.61675558      66.60226230
C      58.59491901      59.03316493      67.11437813
H      59.11459374      58.37554017      68.98898664
C      56.25165838      58.56451280      66.02967523
H      54.70586225      57.64421609      67.01989181
C      55.68096103      59.54717048      63.66562760
H      53.82902924      59.02749575      62.93808298
C      57.28155922      61.17422484      62.37494453
C      56.40472621      62.47813599      60.12050104
H      55.14049931      61.09485633      59.25500639
H      55.21419863      64.11652871      60.50978466
H      58.02611139      63.02426690      58.96587827
 %endblock positions_abs
