 %block lattice_cart
   137.614   0.000   0.000
   0.000 142.646   0.000
   0.000   0.000   160.855
 %endblock lattice_cart

 %block positions_abs
O      62.94412412      58.72797413      65.41551417
H      63.45812967      60.38337438      64.80135312
C      60.55739978      58.38593366      64.52923253
C      58.89066118      56.91383687      65.98432179
H      59.69190513      55.98598125      67.63216314
C      56.33197175      56.64360600      65.48921350
H      55.21136404      55.18851674      66.40573076
C      55.43624148      57.79255960      63.29713097
H      53.48604391      57.67728630      62.66029321
C      57.06896500      59.11158857      61.77779102
H      56.53795192      59.71819071      59.88806471
C      59.69379486      59.42717286      62.32581165
C      61.39076909      60.67250250      60.51545384
H      60.58196623      60.59313400      58.61627890
H      61.42667388      62.68317130      60.98410597
H      63.33340773      59.98086267      60.56269700
 %endblock positions_abs
