 %block lattice_cart
   137.614   0.000   0.000
   0.000 142.646   0.000
   0.000   0.000   160.855
 %endblock lattice_cart

 %block positions_abs
O      64.98880799      61.32918240      60.17341338
H      66.50436849      62.05105785      60.92552445
C      63.02727207      61.10997415      61.87227734
C      63.72080163      60.55061516      64.30435510
H      65.68611700      60.11408838      64.71064626
C      61.86698012      60.68856518      66.12038209
H      62.36397814      60.44856994      68.09892554
C      59.27049616      61.17422484      65.54779502
H      57.94201856      61.03816455      67.11059868
C      58.58830496      61.54650092      63.05524601
H      56.63243823      61.85263659      62.50533565
C      60.54039225      61.55028038      61.20142450
C      59.48592496      62.18522842      58.58604328
H      60.91077860      62.60474766      57.15363073
H      58.42389877      60.65266038      57.69976164
H      58.09319667      63.69323002      58.79958235
 %endblock positions_abs
