 %block lattice_cart
   137.614   0.000   0.000
   0.000 142.646   0.000
   0.000   0.000   160.855
 %endblock lattice_cart

 %block positions_abs
O      61.74225818      64.34990991      60.49844631
H      62.88554260      65.17572030      61.68141498
C      60.10197574      63.05733711      62.00833763
C      60.64054774      62.59435416      64.51789418
H      62.47547199      62.90615900      65.39094772
C      58.85853583      61.62303484      66.15061771
H      59.45946880      61.18272861      68.06302074
C      56.50582657      61.19784642      65.21709291
H      54.98459689      60.51754494      66.41328967
C      55.87843743      61.64004237      62.75288980
H      53.96036522      61.29233273      62.11227257
C      57.73603840      62.46207332      61.04079775
C      56.97069924      62.66994321      58.32715077
H      58.36342753      63.48630498      57.04213687
H      56.87621293      60.70462785      57.70354108
H      55.08097293      63.46929744      58.10038361
 %endblock positions_abs
