 %block lattice_cart
   137.614   0.000   0.000
   0.000 142.646   0.000
   0.000   0.000   160.855
 %endblock lattice_cart

 %block positions_abs
O      64.46818839      60.01771233      64.52356335
H      64.45873976      61.82240096      64.15506672
C      62.09280241      58.98214231      64.77489694
C      61.50887698      57.52138387      66.90650824
H      63.06979092      57.09619546      68.17451458
C      59.14293964      56.30440014      67.09359113
H      58.78956082      54.98348144      68.62615917
C      57.40061198      56.68612485      65.16796002
H      55.61104116      55.69212881      65.00355383
C      57.96752987      58.25648742      63.14973233
H      56.46330773      58.41711414      61.76078349
C      60.25976789      59.49992733      62.98721586
C      60.61125698      61.49169886      60.86505321
H      60.19362747      63.31339502      61.73999649
H      62.52932919      61.76570917      60.15829557
H      59.34136090      61.28760842      59.25122693
 %endblock positions_abs
