 %block lattice_cart
   137.614   0.000   0.000
   0.000 142.646   0.000
   0.000   0.000   160.855
 %endblock lattice_cart

 %block positions_abs
O      60.39771791      61.24036526      68.20758480
H      60.87392894      62.32884761      66.80351814
C      58.95396701      59.35819785      67.37988467
C      57.90516890      57.62342910      69.16378631
H      58.11303880      57.87665242      71.19335238
C      56.20063577      55.87165280      68.34175536
H      55.27466987      54.69057386      69.74582202
C      55.54490074      55.68079045      65.80952210
H      54.24854849      54.14066350      65.40890013
C      56.59936802      57.35319823      64.00105403
H      56.15150288      57.10564409      62.01117222
C      58.33791623      59.15221768      64.84387197
C      59.02199715      61.08162825      62.97493264
H      58.52121968      60.87942753      60.98127137
H      57.78044697      62.67277780      63.39823133
H      60.91172347      61.90554892      62.89367440
 %endblock positions_abs
