 %block lattice_cart
   137.614   0.000   0.000
   0.000 142.646   0.000
   0.000   0.000   160.855
 %endblock lattice_cart

 %block positions_abs
O      61.31801462      61.16383135      62.78218055
H      63.00931967      61.64193211      63.33020118
C      59.98197812      59.69929346      64.30718970
C      60.97786389      59.00387417      66.63533251
H      62.94884843      59.48008520      66.96792433
C      59.56245888      57.46185750      68.35876290
H      60.42039463      56.64171628      70.03683987
C      57.09447631      56.83446837      67.66712308
H      55.96253025      55.68173531      68.93512943
C      56.04189876      57.62626369      65.34275970
H      54.09359093      57.24831843      64.80607743
C      57.50454692      59.07946323      63.70058754
C      56.55212486      59.55567426      60.99449946
H      54.59814786      58.90560840      60.85276999
H      56.44252074      61.58335059      60.63167201
H      57.76721888      58.80923236      59.50350540
 %endblock positions_abs
