 %block lattice_cart
   137.614   0.000   0.000
   0.000 142.646   0.000
   0.000   0.000   160.855
 %endblock lattice_cart

 %block positions_abs
O      60.84369332      64.36691744      60.45781719
H      62.28933395      64.86391546      61.48204886
C      59.29978692      63.01765286      61.94692153
C      59.91394798      62.32034385      64.49238286
H      61.79422566      62.73041446      65.20858915
C      58.16217168      60.97485872      65.97014885
H      58.59491901      60.06401064      67.75971967
C      55.92662545      60.35691822      64.83820279
H      54.47531565      59.38748862      65.92101597
C      55.22175754      61.11280874      62.36644077
H      53.39439220      60.62714907      61.56330709
C      56.89794478      62.45262470      60.90757206
C      56.15906179      63.35969333      58.34132372
H      54.18996697      63.95873657      58.19392507
H      57.20597017      64.90359971      57.45693181
H      56.58991939      61.83090474      57.02418448
 %endblock positions_abs
