 %block lattice_cart
   137.614   0.000   0.000
   0.000 142.646   0.000
   0.000   0.000   160.855
 %endblock lattice_cart

 %block positions_abs
O      64.08079448      60.95690631      62.35132296
H      65.15793849      60.66210901      63.81397112
C      61.90760923      59.72480475      62.84454153
C      61.71485715      58.12231684      64.94969664
H      63.23419709      57.88610105      66.31029958
C      59.36781706      57.07540846      65.59220358
H      58.93884919      55.88488089      67.20980931
C      57.44218595      57.15288724      63.72326426
H      55.87371311      55.83385828      63.87822182
C      57.70863736      58.66844775      61.48582831
H      56.08536246      58.93489916      60.25183702
C      59.93284523      59.91188766      61.09843441
C      60.08402333      61.70901738      58.77218132
H      59.86859453      63.62142041      59.50917458
H      62.01532363      61.89799001      58.07487231
H      58.67050805      61.15910703      57.37000440
 %endblock positions_abs
