 %block lattice_cart
   137.614   0.000   0.000
   0.000 142.646   0.000
   0.000   0.000   160.855
 %endblock lattice_cart

 %block positions_abs
O      60.66794877      61.37453583      62.25589178
H      62.20240654      61.99625578      63.05902546
C      59.34136090      60.11030892      63.96231464
C      60.41850490      59.34308004      66.12227182
H      62.31201067      60.10275002      66.35659788
C      59.15049854      58.02405107      68.00443922
H      60.10292061      57.54217086      69.75810524
C      56.62393446      57.46280236      67.62649396
H      55.60348226      56.18534737      68.86804415
C      55.45797333      58.09397095      65.34937375
H      53.50777577      57.74059213      64.81269148
C      56.75243585      59.46402252      63.48421388
C      55.34836920      60.60352749      61.38472795
H      53.31502369      60.68289600      61.72298896
H      56.11748781      62.47813599      60.99544433
H      55.42962743      59.43189718      59.68775372
 %endblock positions_abs
