 %block lattice_cart
   137.614   0.000   0.000
   0.000 142.646   0.000
   0.000   0.000   160.855
 %endblock lattice_cart

 %block positions_abs
O      60.54889601      58.13837951      62.01117222
H      62.18161955      58.48419944      62.78596001
C      58.90294440      57.15950128      63.60799095
C      59.65505547      56.57179641      66.07030434
H      61.51454616      57.19729581      66.68446539
C      57.98075795      55.42095307      67.80318337
H      58.41350528      55.13938385      69.78928572
C      55.63560760      54.69907763      66.95091680
H      54.20130533      53.67295624      68.00727381
C      54.81924583      55.29434141      64.51505958
H      52.92762979      54.78411531      63.89522935
C      56.42362347      56.55478886      62.81241617
C      55.25388289      57.11792731      60.20648359
H      53.29990588      57.69051437      60.54285487
H      56.35559333      58.69773850      59.46193142
H      55.39939181      55.57591063      58.84210119
 %endblock positions_abs
