 %block lattice_cart
   137.614   0.000   0.000
   0.000 142.646   0.000
   0.000   0.000   160.855
 %endblock lattice_cart

 %block positions_abs
O      59.42734345      61.06651044      63.30941420
H      61.19234783      60.95501659      63.82341975
C      58.16311655      59.60575200      64.90623293
C      59.54450648      58.63443267      66.95280653
H      61.47580677      59.20890947      67.35342851
C      58.21791861      57.13210026      68.69324446
H      59.22325301      56.33274603      70.29573238
C      55.75371550      56.42534262      68.44569032
H      54.91845647      55.07040885      69.74582202
C      54.57074682      57.09808518      66.24415916
H      52.70747668      56.34597411      65.81330156
C      55.76694358      58.66466830      64.38655819
C      54.33831049      59.61898008      62.11321744
H      52.32008279      59.24670400      62.33431542
H      54.60476190      61.62964888      61.73527218
H      54.96380990      58.53616691      60.46915555
 %endblock positions_abs
