 %block lattice_cart
   137.614   0.000   0.000
   0.000 142.646   0.000
   0.000   0.000   160.855
 %endblock lattice_cart

 %block positions_abs
O      60.27394083      63.19528713      61.60960538
H      61.90099519      63.72818995      62.28801713
C      58.97569886      61.51721017      62.96075969
C      59.78639145      61.00320461      65.41929363
H      61.47958622      61.87814789      66.18841224
C      58.33886109      59.48197493      66.95942057
H      58.79239540      59.35158381      68.95875101
C      56.30929503      58.16294596      65.83881287
H      55.23215103      56.84391699      66.98965619
C      55.66867781      58.47097135      63.29146180
H      54.13233032      57.37115063      62.48832812
C      56.95558143      60.26810107      61.90251296
C      55.97670320      61.38303960      59.33248517
H      56.10331486      63.44284128      59.29847010
H      56.96314033      60.57801619      57.70732054
H      53.97926249      60.88037240      59.20209406
 %endblock positions_abs
