 %block lattice_cart
   137.614   0.000   0.000
   0.000 142.646   0.000
   0.000   0.000   160.855
 %endblock lattice_cart

 %block positions_abs
O      62.06729110      60.40038191      62.70942609
H      62.26760209      62.22207807      62.53746100
C      59.63521334      59.86180991      62.23888424
C      58.55240016      57.79633905      63.38972757
H      59.55017565      56.52077379      64.65395447
C      56.09386623      57.18784718      62.86627338
H      55.28317364      55.63638187      63.94341738
C      54.49137831      58.76009947      61.43386083
H      52.45236362      58.53900150      61.30157999
C      55.64789082      60.76131963      60.22443599
H      54.43468652      62.04066435      59.16996871
C      58.23681587      61.24886902      60.50411549
C      59.52938866      63.34079605      58.86383305
H      61.45879923      62.75498089      58.42730627
H      58.41256041      63.47118717      57.13284374
H      59.70702294      65.13603606      59.86538799
 %endblock positions_abs
