 %block lattice_cart
   137.614   0.000   0.000
   0.000 142.646   0.000
   0.000   0.000   160.855
 %endblock lattice_cart

 %block positions_abs
O      63.66599958      61.10430497      66.11093346
H      64.44834626      62.40632640      65.07158398
C      61.24148072      60.95879604      65.27756415
C      59.39710783      59.84007806      66.93863358
H      59.94512847      59.21835811      68.81702153
C      56.96125062      59.67945133      66.16384580
H      55.58552986      58.94434779      67.49988229
C      56.15244775      60.78494122      63.89050503
H      54.13988923      60.63187339      63.50311114
C      57.92501104      61.84885713      62.29746575
H      57.27494518      62.77293330      60.58159426
C      60.47992101      61.88665166      62.97965695
C      62.25248429      63.25859296      61.18630668
H      61.35297457      63.40977107      59.33626462
H      62.60964257      65.09162749      62.06124997
H      64.02126811      62.23058185      60.91607583
 %endblock positions_abs
