 %block lattice_cart
   137.614   0.000   0.000
   0.000 142.646   0.000
   0.000   0.000   160.855
 %endblock lattice_cart

 %block positions_abs
O      60.63582343      59.98653185      67.00288427
H      61.37659615      61.22430259      65.86337931
C      58.16028196      59.15694200      66.64194655
C      57.04345371      57.73964727      68.45608381
H      58.04122920      57.43351160      70.22486764
C      54.51499990      57.00454373      68.24632419
H      53.39817165      56.33180116      69.83180456
C      53.43596618      57.14438348      65.94463754
H      51.60104193      56.30156554      65.55535392
C      54.67373691      58.13837952      63.93018929
H      53.81391144      58.41994874      62.08392668
C      57.02266672      59.36670162      64.35348798
C      58.39460802      60.45896343      62.00644790
H      56.88849615      60.66683333      60.61371961
H      58.96908482      62.42427880      62.26723013
H      60.05567745      59.37615025      61.43008138
 %endblock positions_abs
