 %block lattice_cart
   137.614   0.000   0.000
   0.000 142.646   0.000
   0.000   0.000   160.855
 %endblock lattice_cart

 %block positions_abs
O      60.15110862      61.58807490      61.80141260
H      61.64210268      62.14554417      62.72548877
C      58.69223991      60.10086030      63.37933407
C      59.60497772      58.95001697      65.55629878
H      61.54950609      59.17678412      66.17612902
C      58.15366791      57.40989002      67.08319764
H      58.98136803      56.55762345      68.75938489
C      55.65167028      57.09241601      66.68257567
H      54.44602488      56.02850009      67.96192038
C      54.60287217      58.11097849      64.42624244
H      52.58842393      57.81051201      64.15790132
C      56.02394635      59.59252392      62.81997509
C      54.62743861      61.02682619      60.58820831
H      54.27405979      59.71913557      59.03107382
H      52.90967739      61.86586467      61.36488582
H      55.83686345      62.65199082      60.18758632
 %endblock positions_abs
