 %block lattice_cart
   137.614   0.000   0.000
   0.000 142.646   0.000
   0.000   0.000   160.855
 %endblock lattice_cart

 %block positions_abs
O      64.07607017      58.51537991      61.53401632
H      65.34218680      59.48858897      62.44864386
C      61.98225343      58.24136959      62.96264942
C      62.47169255      57.25682219      65.39850664
H      64.43700791      57.21713793      65.99566015
C      60.59708404      56.34786383      67.03500963
H      61.08274370      55.40111095      68.79056536
C      58.07429940      56.33463574      66.08636702
H      56.62298961      55.57685550      67.32602748
C      57.61131647      57.10564408      63.54279539
H      55.68001617      57.07540846      62.84170694
C      59.62954416      58.24136959      62.02156571
C      59.06640573      59.48291978      59.58570850
H      57.08408283      60.04794795      59.49500163
H      60.26260249      61.08162825      59.06603377
H      59.22892219      58.06562505      58.09282470
 %endblock positions_abs
