 %block lattice_cart
   137.614   0.000   0.000
   0.000 142.646   0.000
   0.000   0.000   160.855
 %endblock lattice_cart

 %block positions_abs
O      61.85375203      60.97107926      61.55952764
H      63.11797893      61.49831291      62.78973947
C      60.06040176      59.99598049      63.01461690
C      60.64054773      59.45740849      65.50338645
H      62.44145692      60.15093803      66.20447490
C      58.97191940      57.91728154      66.98304214
H      59.63899278      57.38248900      68.85198148
C      56.86109511      56.79289438      65.83786801
H      55.81418674      55.32646677      66.82808460
C      56.11087377      57.73019864      63.46626149
H      54.48759886      56.78911493      62.63100246
C      57.66989797      59.38181943      62.09432018
C      56.93479444      60.38337438      59.41846771
H      58.23681586      59.75976470      57.94259146
H      55.23404075      59.40449614      58.77974023
H      56.72881426      62.42049934      59.17280330
 %endblock positions_abs
