 %block lattice_cart
   137.614   0.000   0.000
   0.000 142.646   0.000
   0.000   0.000   160.855
 %endblock lattice_cart

 %block positions_abs
O      61.98225343      63.66960844      61.18347210
H      62.94790356      64.58234624      62.45714763
C      60.41378058      61.92917051      62.39478667
C      61.04305944      61.22997177      64.81552607
H      62.48870007      62.32223357      65.78306595
C      59.62387499      59.41583451      66.09298105
H      60.22291823      58.69206933      67.91845668
C      57.65478016      58.28766789      64.78906990
H      56.61732042      56.82879918      65.79440429
C      57.07652392      59.00954334      62.31541816
H      55.43624148      57.98342197      61.63322696
C      58.29728712      60.97674844      61.12111113
C      57.43368219      62.08034860      58.61344431
H      58.70735773      63.55622485      57.93314284
H      57.17101023      60.62336962      57.17725232
H      55.57608123      62.98174805      58.59265732
 %endblock positions_abs
