 %block lattice_cart
   137.614   0.000   0.000
   0.000 142.646   0.000
   0.000   0.000   160.855
 %endblock lattice_cart

 %block positions_abs
O      60.67645254      59.68701023      66.28195368
H      61.66666913      60.75470560      65.15756652
C      58.45980358      58.72702926      65.35976725
C      57.18234859      57.19257150      67.08319765
H      58.05918160      56.96202489      68.92757052
C      54.78428590      56.20613436      66.31218931
H      53.87154809      54.96269445      67.66901280
C      53.78084123      56.91856118      63.98404649
H      51.91379163      56.21747272      63.49082792
C      55.16601061      58.38687853      62.35510241
H      54.34775912      58.48514430      60.47293500
C      57.50360206      59.34119032      62.96548401
C      59.16656122      60.62998366      61.04174262
H      59.16845095      62.66332917      61.39134199
H      61.15644303      60.12920619      61.26095087
H      58.54295154      60.35597335      59.09343480
 %endblock positions_abs
