 %block lattice_cart
   137.614   0.000   0.000
   0.000 142.646   0.000
   0.000   0.000   160.855
 %endblock lattice_cart

 %block positions_abs
O      60.57157272      64.93100075      61.26567519
H      62.22886270      65.50925700      61.81936500
C      59.50576708      63.31150530      62.84548639
C      60.81912687      62.27971473      64.95442095
H      62.79578059      62.62742437      65.38905800
C      59.52466435      60.57896106      66.51533489
H      60.47141723      59.81929108      68.17262486
C      56.99054136      59.95346164      65.98621152
H      55.85859531      58.54372582      66.95753084
C      55.88316174      60.75092615      63.79034954
H      53.93863337      60.25770757      63.35004331
C      57.11904275      62.42144421      62.18597190
C      55.54868018      63.47780121      60.09971405
H      53.63438744      63.83306976      60.79324361
H      56.41606456      65.26359258      59.53657561
H      55.64316650      61.97357907      58.69186795
 %endblock positions_abs
