 %block lattice_cart
   137.614   0.000   0.000
   0.000 142.646   0.000
   0.000   0.000   160.855
 %endblock lattice_cart

 %block positions_abs
O      61.98508801      63.97857869      59.89845819
H      63.58001702      63.96724033      60.81875491
C      60.20874528      62.35341406      60.80174737
C      60.50543231      61.44067625      63.22059705
H      62.14949420      62.12097772      64.24482871
C      58.71964094      59.94590274      64.43380135
H      58.96341564      59.32796223      66.37644001
C      56.52188924      59.41299992      63.21681760
H      55.09892533      58.30184084      64.19380610
C      56.11559809      60.28605347      60.64112064
H      54.41862386      59.81740135      59.58476363
C      57.97508878      61.78838589      59.49594649
C      57.26266196      62.78616139      57.03174338
H      59.03144579      62.93167031      55.98294527
H      55.88505147      61.57862627      56.08121104
H      56.22142276      64.55305549      57.26795917
 %endblock positions_abs
