 %block lattice_cart
   137.614   0.000   0.000
   0.000 142.646   0.000
   0.000   0.000   160.855
 %endblock lattice_cart

 %block positions_abs
O      63.69434546      56.69084917      66.70903183
H      64.20079211      58.12893089      65.67724127
C      61.17723000      56.28644773      66.27628451
C      59.93190037      54.68207010      67.91467722
H      60.93156559      53.57469047      69.32630278
C      57.28250408      54.22664606      67.74838131
H      56.24504434      52.86982255      68.88788627
C      56.10331485      55.65338942      65.88322144
H      54.08697688      55.27166471      65.80385293
C      57.33352668      57.27666432      64.11443761
H      56.36598681      58.52955286      62.80485727
C      59.93379010      57.69051439      64.45080889
C      61.11675877      59.71063181      62.76328329
H      60.20780041      60.13393050      60.95859466
H      60.93723476      61.49264372      63.78751495
H      63.11797893      59.25898722      62.52328805
 %endblock positions_abs
