 %block lattice_cart
   137.614   0.000   0.000
   0.000 142.646   0.000
   0.000   0.000   160.855
 %endblock lattice_cart

 %block positions_abs
O      60.86164572      61.16099675      62.56958635
H      62.46035418      61.80350370      63.21398302
C      59.37821056      60.21991305      64.52167363
C      60.31362509      60.01015343      66.96886919
H      62.21657949      60.75470559      67.18051855
C      59.11175915      58.51160047      68.81513180
H      59.88843667      58.30562029      70.70674784
C      56.65322522      57.62909827      68.20097076
H      55.51183053      56.80328788      69.69763399
C      55.59308876      58.02027162      65.85771013
H      53.70525217      57.30028590      65.48732377
C      56.95747116      59.35630812      64.01522698
C      55.52883806      59.84385751      61.59637730
H      54.10209470      61.33296186      61.66251771
H      56.65889440      60.41455486      59.96743320
H      54.47059133      58.18467782      60.97843678
 %endblock positions_abs
