 %block lattice_cart
   137.614   0.000   0.000
   0.000 142.646   0.000
   0.000   0.000   160.855
 %endblock lattice_cart

 %block positions_abs
O      60.95140771      59.86086505      61.89589892
H      62.63326413      60.12353701      62.59698738
C      59.35836843      58.66088885      63.65901357
C      60.30134186      58.37742989      66.15345230
H      62.05311817      59.33930059      66.62588387
C      59.04089441      56.92800982      67.88066215
H      59.72308561      56.51793920      69.77416792
C      56.96786465      55.67134181      67.03595449
H      55.90961791      54.57152111      68.40789579
C      55.97764806      55.94913159      64.58120000
H      54.28067383      54.93434855      64.02184102
C      57.16439618      57.56295786      62.85210043
C      55.93796381      58.08074286      60.28963154
H      56.96219547      59.58307528      59.31453278
H      55.89827955      56.38187892      59.11989097
H      54.00855324      58.78939023      60.46348637
 %endblock positions_abs
