 %block lattice_cart
   137.614   0.000   0.000
   0.000 142.646   0.000
   0.000   0.000   160.855
 %endblock lattice_cart

 %block positions_abs
O      61.90571951      60.92383609      62.27573390
H      63.53655332      60.95785118      63.12800047
C      60.25976789      59.92984005      64.07475335
C      60.99109198      59.14182419      66.45580851
H      62.86192103      59.27788448      67.29106754
C      59.27711020      57.64705068      67.93168476
H      59.83080002      56.88360125      69.75527065
C      56.84503245      57.29556158      67.04729284
H      55.46553224      56.21085867      68.11498821
C      56.00788369      58.51821451      64.91757129
H      54.09170120      58.18562268      64.25805680
C      57.69540929      59.72008043      63.34342927
C      56.90361396      60.42116890      60.65434873
H      56.47275636      58.65427480      59.68302940
H      55.45419388      61.88759651      60.69025353
H      58.42673337      61.29233273      59.56775610
 %endblock positions_abs
