 %block lattice_cart
   137.614   0.000   0.000
   0.000 142.646   0.000
   0.000   0.000   160.855
 %endblock lattice_cart

 %block positions_abs
O      60.63771314      65.00658980      62.51856374
H      62.23075243      65.53949262      63.27067481
C      59.40561160      63.05639225      63.78845982
C      60.42228435      62.09641128      66.07880811
H      62.04744898      62.97324429      66.97831783
C      59.35458898      59.91566712      67.05768634
H      60.45063024      59.16544577      68.62615918
C      57.31557430      58.67222720      65.92196083
H      56.82235573      56.77494198      66.53234242
C      56.21008440      59.87598286      63.90562285
H      54.65672937      58.96891423      62.91918571
C      57.18896263      62.07373456      62.78123569
C      55.98520697      63.22835734      60.44553397
H      57.20408044      64.56250412      59.44775848
H      55.44474525      61.83373932      59.02257006
H      54.37138070      64.39620820      60.98032652
 %endblock positions_abs
