 %block lattice_cart
   137.614   0.000   0.000
   0.000 142.646   0.000
   0.000   0.000   160.855
 %endblock lattice_cart

 %block positions_abs
O      61.01660327      61.79499993      68.43529682
H      61.71580201      62.99686587      67.22965143
C      59.06640572      60.47975042      67.55090491
C      57.81162745      58.83001935      69.15528255
H      58.47870083      58.48608916      71.06768558
C      55.78773057      57.32012803      68.37482558
H      54.80507288      56.22975594      69.81290730
C      54.93924345      57.50532120      65.87282794
H      53.16101099      56.57746558      65.43063198
C      56.21102926      59.08702213      64.24388386
H      55.40033667      59.50843110      62.40329043
C      58.22736724      60.52888330      65.13394495
C      59.26104753      62.44128633      63.17051931
H      59.00593448      64.43872705      63.62594335
H      61.21313481      61.84602254      62.85115557
H      58.10264530      62.22585753      61.47732454
 %endblock positions_abs
