 %block lattice_cart
   137.614   0.000   0.000
   0.000 142.646   0.000
   0.000   0.000   160.855
 %endblock lattice_cart

 %block positions_abs
O      60.10575520      61.73830814      64.88450108
H      60.68212171      62.84946722      63.53523649
C      57.91178294      60.46274288      64.37994415
C      56.90833828      58.96230019      66.26778074
H      57.71903085      58.83379880      68.14994814
C      54.78806534      57.39382735      65.77834162
H      53.86776864      56.32046280      67.26555623
C      53.65422956      57.59413834      63.44263990
H      51.84576148      56.65116491      63.20075493
C      54.61043107      59.17394954      61.62850264
H      53.74682615      59.21552352      59.76523249
C      56.82519032      60.57801619      62.04802188
C      58.06863022      61.73830814      59.71420988
H      56.57196699      62.65482540      58.62383780
H      58.94924269      63.54488650      60.18664146
H      59.49159414      60.59124427      58.75800837
 %endblock positions_abs
