 %block lattice_cart
   137.614   0.000   0.000
   0.000 142.646   0.000
   0.000   0.000   160.855
 %endblock lattice_cart

 %block positions_abs
O      62.50098329      58.85742038      64.70403222
H      63.30033753      60.21046442      63.74405125
C      60.18417883      58.37365044      63.82153003
C      58.94640811      56.30062068      64.74560619
H      59.84024865      55.18379243      66.22148244
C      56.41417484      55.93212405      64.10309925
H      55.40884045      54.24270872      64.70214250
C      55.17262465      57.50248661      62.41179419
H      53.21486820      56.99981941      62.04140785
C      56.35370359      59.73992257      61.40457008
H      55.50899594      60.97202412      59.99294452
C      58.95585673      60.04227878      62.11888663
C      60.59235972      62.10397018      61.01339672
H      60.90983375      63.52504437      62.47604490
H      62.30067230      61.24981389      60.23105004
H      59.70607808      63.13009157      59.45815197
 %endblock positions_abs
