 %block lattice_cart
   137.614   0.000   0.000
   0.000 142.646   0.000
   0.000   0.000   160.855
 %endblock lattice_cart

 %block positions_abs
O      62.04839385      61.19406696      60.98032651
H      63.61875641      61.56256360      61.86282870
C      60.45535457      59.88826608      62.59604252
C      61.25470880      59.11914747      64.94686204
H      63.18600909      59.58213043      65.46842650
C      59.79017090      57.87948702      66.66840271
H      60.56684842      57.24075952      68.46175299
C      57.34486505      57.46563696      66.04857248
H      56.23370598      56.73809231      67.61326587
C      56.42456834      58.11948226      63.65239951
H      54.48759887      57.59224862      63.21776246
C      57.96847474      59.34591463      61.82314444
C      57.05762665      60.15849694      59.22288104
H      55.06774485      60.63470797      59.48555299
H      58.11020421      61.82145610      58.60305081
H      57.24093011      58.62970835      57.84905001
 %endblock positions_abs
