 %block lattice_cart
   137.614   0.000   0.000
   0.000 142.646   0.000
   0.000   0.000   160.855
 %endblock lattice_cart

 %block positions_abs
O      61.29817250      62.01609791      67.40350625
H      61.94067945      63.04788848      66.02400604
C      59.62009553      60.19251202      66.76666848
C      58.57318716      58.95663101      68.78300645
H      59.24970918      59.38937834      70.67462249
C      56.64188686      57.18595745      68.42962764
H      55.75749495      56.42061830      70.11715324
C      55.84064291      56.86470398      65.93707864
H      54.39122283      55.43985034      65.64228132
C      56.87810265      58.17050486      63.81113654
H      56.32252312      57.73208836      61.88550542
C      58.96625023      59.77110305      64.18530234
C      60.07929903      60.98241762      61.88739515
H      60.45157511      62.93828435      62.42974660
H      61.92367191      60.27377025      61.29591081
H      58.69979882      60.84257787      60.36049629
 %endblock positions_abs
