 %block lattice_cart
   137.614   0.000   0.000
   0.000 142.646   0.000
   0.000   0.000   160.855
 %endblock lattice_cart

 %block positions_abs
O      59.58985991      57.82185035      66.52194893
H      60.55739978      59.36386702      66.26116670
C      57.15778215      58.29050249      66.03250981
C      55.36821133      56.92234063      67.35720796
H      55.78017167      55.63732674      68.90489381
C      52.83786780      57.12454134      66.65989895
H      51.48293403      55.84141718      67.51972442
C      52.19536085      59.04828274      64.92513020
H      50.15634616      59.26749098      64.78718017
C      53.82619466      60.64132202      63.87255264
H      53.14967264      62.13042635      62.63289218
C      56.41511971      60.04983768      64.09176089
C      58.21791861      61.96224070      62.78596001
H      58.28027958      63.63464849      63.99727458
H      60.01882779      61.10241523      62.26439555
H      57.34486505      62.35530379      60.95859466
 %endblock positions_abs
