 %block lattice_cart
   137.614   0.000   0.000
   0.000 142.646   0.000
   0.000   0.000   160.855
 %endblock lattice_cart

 %block positions_abs
O      59.84875242      61.80255883      61.57842489
H      61.30762113      62.25987260      62.59887710
C      57.92879048      61.21485396      63.11477238
C      58.42578850      60.21518873      65.48448919
H      60.26449221      59.35158380      65.80007348
C      56.44913478      59.72197017      67.06996956
H      56.69101975      59.03410978      68.98993149
C      54.11532278      60.66494359      66.57297153
H      52.72070477      60.56100865      68.08097313
C      53.47848502      61.67216773      64.26183625
H      51.60009706      62.46963222      64.02751019
C      55.43246202      62.07278969      62.51950859
C      54.93735373      63.49197417      60.09498973
H      55.89544497      62.66238430      58.46793538
H      52.97581782      64.13826056      60.06853356
H      55.82174565      65.34390595      60.31041853
 %endblock positions_abs
