 %block lattice_cart
   137.614   0.000   0.000
   0.000 142.646   0.000
   0.000   0.000   160.855
 %endblock lattice_cart

 %block positions_abs
O      61.86981471      60.59029941      62.55541340
H      63.52710468      60.84541246      63.31508338
C      60.16906103      60.14432400      64.53962603
C      61.10258582      59.19946084      66.66745786
H      63.14915942      59.07851835      66.55407428
C      59.78922604      58.33963536      68.64789103
H      60.59802890      57.70657706      70.42612349
C      57.13605029      58.48325457      68.32285811
H      56.06079602      57.71980514      69.89888985
C      56.08347274      59.33741087      66.07030434
H      54.03122996      59.35819786      65.99282556
C      57.54990036      60.23314114      64.05963554
C      56.52377897      61.25359334      61.58976325
H      55.62048979      59.62653899      60.69970216
H      54.90806297      62.40632640      62.15668115
H      57.89761000      62.19089760      60.36711033
 %endblock positions_abs
