 %block lattice_cart
   137.614   0.000   0.000
   0.000 142.646   0.000
   0.000   0.000   160.855
 %endblock lattice_cart

 %block positions_abs
O      60.06796067      60.10463975      67.81641145
H      60.84652791      61.65043587      67.19091204
C      58.74515225      58.80639777      66.07030434
C      57.31651916      56.87887693      66.89422501
H      57.20313558      56.42912207      68.89544517
C      56.11654295      55.25560203      65.17268434
H      55.36065242      53.49626683      65.91534678
C      56.29039777      55.78283567      62.63478190
H      55.33419625      54.66600742      61.20047963
C      57.71903086      57.97113874      61.77117698
H      57.97792337      58.38309908      59.77562599
C      59.11175915      59.31095470      63.50405600
C      60.95235258      61.24603444      62.78218055
H      62.75515149      60.92856042      63.73271289
H      61.34541566      61.16855566      60.75828368
H      60.53472307      63.22079844      63.21681761
 %endblock positions_abs
