 %block lattice_cart
   137.614   0.000   0.000
   0.000 142.646   0.000
   0.000   0.000   160.855
 %endblock lattice_cart

 %block positions_abs
O      61.68273180      62.67561238      62.47604490
H      62.69940456      63.86991941      63.43980532
C      60.13504595      60.77265800      63.52673273
C      60.49031450      60.13959967      66.07219406
H      62.06634625      60.86903403      67.16634561
C      59.29978692      58.01554730      67.13610998
H      59.79111577      57.50721092      69.06363081
C      57.36470718      56.73998205      65.78117622
H      56.34236524      55.12237631      66.52572839
C      56.98676192      57.39760680      63.26972995
H      55.62426925      56.37148541      62.12455579
C      58.28500389      59.48008520      62.10754826
C      57.63682777      60.19251202      59.36366565
H      58.59113956      61.96318557      58.90824162
H      58.12626688      58.63537754      58.10132848
H      55.60348226      60.50809630      59.16902384
 %endblock positions_abs
