 %block lattice_cart
   137.614   0.000   0.000
   0.000 142.646   0.000
   0.000   0.000   160.855
 %endblock lattice_cart

 %block positions_abs
O      63.94189960      60.18306338      65.47315083
H      64.58818600      61.29422245      64.15412185
C      61.96335615      58.81868099      64.70403221
C      60.65377582      57.60358697      66.54462564
H      61.50982184      57.87570756      68.39277798
C      58.56751797      56.03700385      66.03817899
H      57.65100071      54.83702765      67.43090728
C      57.87776786      55.88015657      63.51728409
H      56.12599157      54.88049134      63.13555937
C      59.15711258      57.19351635      61.67669066
H      58.61854058      56.95352112      59.70948556
C      61.19234782      58.74876111      62.24171882
C      62.47547198      60.32290312      60.11388700
H      61.36053346      60.20951955      58.38289769
H      62.63609872      62.29010822      60.72426860
H      64.34252158      59.54811534      59.70381639
 %endblock positions_abs
