 %block lattice_cart
   137.614   0.000   0.000
   0.000 142.646   0.000
   0.000   0.000   160.855
 %endblock lattice_cart

 %block positions_abs
O      60.21157986      62.41577502      65.71881525
H      61.40399717      62.87119907      64.39033765
C      59.08341325      60.35219389      64.80229798
C      57.80217881      58.81017722      66.47281604
H      57.72658976      59.05962109      68.50994101
C      56.60031288      56.67100703      65.53929125
H      55.83119427      55.31229381      66.87343802
C      56.53984164      56.09086106      62.90312304
H      55.67434699      54.31640805      62.33053597
C      57.72470004      57.74815103      61.20803854
H      57.54706576      57.38343385      59.19359029
C      58.94546323      59.89299040      62.16046060
C      60.28716892      61.53327284      60.22160140
H      61.94067944      60.50526172      59.53752048
H      58.96058104      62.02082223      58.71926898
H      60.87487380      63.24725460      61.21181799
 %endblock positions_abs
