 %block lattice_cart
   137.614   0.000   0.000
   0.000 142.646   0.000
   0.000   0.000   160.855
 %endblock lattice_cart

 %block positions_abs
O      61.20935536      61.39248822      62.90123331
H      62.98569810      61.48508481      63.38122379
C      59.82040652      59.41961396      64.06152527
C      60.44779566      58.72797413      66.56541263
H      61.95201780      59.47441602      67.75027103
C      58.86042556      57.02155126      67.85231625
H      59.29317288      56.37904432      69.75149119
C      56.84975676      55.80834698      66.65800922
H      55.57986068      54.61215021      67.73893267
C      56.29606695      56.35069843      64.13900405
H      54.76538864      55.37748937      63.17335390
C      57.72847949      58.19885075      62.76328329
C      56.93857390      58.91694675      60.06475411
H      57.59052947      57.59791780      58.61911348
H      54.87877221      59.04166869      59.98727534
H      57.76627402      60.78588609      59.77940544
 %endblock positions_abs
