 %block lattice_cart
   137.614   0.000   0.000
   0.000 142.646   0.000
   0.000   0.000   160.855
 %endblock lattice_cart

 %block positions_abs
O      61.92367191      62.17955924      63.66279301
H      63.56017489      61.92633591      64.47159588
C      59.83363461      61.17800429      64.99127061
C      60.35141962      60.52604871      67.44224564
H      62.21280003      60.66588846      68.30207111
C      58.46547276      59.53583213      68.97103423
H      58.82074130      58.53049773      70.72470025
C      56.10520459      59.01804712      68.08853204
H      54.77105781      57.91822640      69.19969112
C      55.61765520      59.57551638      65.56385768
H      53.75060560      59.03694438      64.90056375
C      57.40911575      60.86808918      64.00294375
C      56.60598206      61.38020501      61.27606868
H      58.31807410      61.69012012      60.16679933
H      55.71025179      59.64354653      60.61277474
H      55.17545924      62.86364016      61.34976801
 %endblock positions_abs
