 %block lattice_cart
   137.614   0.000   0.000
   0.000 142.646   0.000
   0.000   0.000   160.855
 %endblock lattice_cart

 %block positions_abs
O      61.18667865      59.79850408      65.92857486
H      61.84052395      61.32351321      65.12922063
C      58.87743310      59.22213756      65.05363158
C      57.30518080      57.44957428      66.36510164
H      57.81729663      56.59352826      68.16034164
C      54.94491264      56.90344338      65.62054948
H      53.85265083      55.40678013      66.50683112
C      54.05107209      57.97302846      63.30941419
H      52.24260401      57.12265163      62.83509289
C      55.51938944      59.72102530      61.91290645
H      54.72003521      60.86997891      60.41057403
C      57.88343706      60.37298088      62.88044632
C      59.35553385      62.27593528      61.27795841
H      58.67901183      64.19022803      61.65212422
H      61.39265882      62.29105309      61.61810914
H      59.01349339      61.73169411      59.31831222
 %endblock positions_abs
