 %block lattice_cart
   137.614   0.000   0.000
   0.000 142.646   0.000
   0.000   0.000   160.855
 %endblock lattice_cart

 %block positions_abs
O      60.41944976      62.99686586      61.51700878
H      62.23736648      63.15749260      61.76267320
C      59.48781469      61.07123475      62.92107543
C      60.59708404      60.55156002      65.36449156
H      62.30350690      61.54555606      65.92574027
C      59.83930379      58.68451042      66.95942056
H      60.93156560      58.31601379      68.66017425
C      57.77383293      57.25587733      66.27344991
H      57.14833352      55.82535451      67.60948641
C      56.33953065      57.89271509      64.12672082
H      54.51405504      56.98942592      63.86782831
C      57.26360682      59.79944894      62.51478427
C      55.72347988      60.17361475      60.04680171
H      55.12254691      62.10302532      59.63106192
H      57.02361158      59.98086267      58.45376243
H      54.11343306      58.88671113      60.10727295
 %endblock positions_abs
