 %block lattice_cart
   137.614   0.000   0.000
   0.000 142.646   0.000
   0.000   0.000   160.855
 %endblock lattice_cart

 %block positions_abs
O      60.88054298      61.99058661      67.35815282
H      62.08807810      62.57262232      66.09959510
C      59.70513321      59.85330615      66.57769586
C      58.35019945      58.45301894      68.32002352
H      58.17823436      59.15032795      70.24565463
C      57.15778214      56.15889121      67.65672958
H      56.02583608      55.17812324      69.06646542
C      57.70580277      55.14599791      65.25299771
H      57.08975200      53.24304351      64.78623531
C      59.27616534      56.43290153      63.55224403
H      59.65977978      55.66756236      61.68519443
C      60.16055726      58.81962585      64.22120714
C      61.50793211      60.30306101      62.12172122
H      60.79550529      62.22113321      61.86849789
H      63.46757830      60.72069052      62.61305006
H      61.51738075      59.30150606      60.31892231
 %endblock positions_abs
