 %block lattice_cart
   137.614   0.000   0.000
   0.000 142.646   0.000
   0.000   0.000   160.855
 %endblock lattice_cart

 %block positions_abs
O      61.36525778      59.42433827      64.80702230
H      62.02099281      60.83974328      63.83192352
C      58.98987180      59.05962109      64.10215439
C      57.41761951      57.50248661      65.65550942
H      58.08091346      56.60486661      67.37893981
C      54.86459926      57.28327836      64.98843603
H      53.58903400      56.24203916      66.21675813
C      53.86115459      58.46624703      62.80958159
H      51.87127278      58.17333945      62.39384180
C      55.46175278      59.90621848      61.29780054
H      54.81546639      61.02682618      59.70098180
C      57.96941959      60.23692058      61.90629241
C      59.78355686      61.96602016      60.33215039
H      58.73286902      62.63876273      58.68808850
H      60.28622405      63.62897932      61.44519919
H      61.67139344      61.21201936      59.97310239
 %endblock positions_abs
