 %block lattice_cart
   137.614   0.000   0.000
   0.000 142.646   0.000
   0.000   0.000   160.855
 %endblock lattice_cart

 %block positions_abs
O      62.53121891      59.12481665      66.60415203
H      63.39482384      60.36447711      65.55346420
C      60.24087062      58.28577817      65.69330394
C      58.86514986      56.41116967      67.03123017
H      59.51710544      55.59102845      68.79812427
C      56.58802967      55.37748937      66.27156019
H      55.51466511      53.95452546      67.29390213
C      55.60726170      56.52077379      64.11349274
H      53.77044772      56.00865796      63.35193304
C      57.03967425      58.15160760      62.56013772
H      56.21386385      58.74309194      60.77434635
C      59.36025816      59.18150844      63.41429401
C      60.50165285      61.35658343      61.85904925
H      59.50954654      63.14993370      62.10093422
H      62.54255728      61.43595193      62.14817738
H      60.15016376      60.83690869      59.89184416
 %endblock positions_abs
