 %block lattice_cart
   137.614   0.000   0.000
   0.000 142.646   0.000
   0.000   0.000   160.855
 %endblock lattice_cart

 %block positions_abs
O      60.55267547      60.68667545      65.07441857
H      60.96841525      62.08318319      63.95192114
C      58.44941008      59.40355128      64.31096914
C      57.19463181      57.75193048      65.86243444
H      57.80501340      57.42122838      67.79562446
C      55.09892532      56.45368851      64.89300485
H      54.18429779      54.89088485      65.86621390
C      54.35626288      56.86375912      62.38155858
H      52.84637156      55.74315141      61.55574818
C      55.65072541      58.42845250      60.78662957
H      54.66428827      58.75348543      59.01217656
C      57.74265243      59.76448901      61.69369820
C      59.23931568      61.55028037      60.05719521
H      59.05412251      61.07028989      58.05786477
H      58.54389639      63.47969094      59.82853833
H      61.28399955      61.52193448      60.34065416
 %endblock positions_abs
