 %block lattice_cart
   137.614   0.000   0.000
   0.000 142.646   0.000
   0.000   0.000   160.855
 %endblock lattice_cart

 %block positions_abs
O      60.76337995      60.93989878      63.31791796
H      62.09374727      61.71657629      64.32703182
C      59.24026054      59.76259928      64.80702230
C      59.79017091      59.19757112      67.39405762
H      61.67800749      59.55094993      68.12160225
C      58.09130694      57.78027637      68.90394895
H      58.43712687      57.53650169      70.91461774
C      55.83119428      56.98659132      67.78523097
H      54.36854611      55.86031445      68.68663042
C      55.10553937      57.65744417      65.31535868
H      53.10809865      57.40611056      64.90150861
C      56.81007251      59.19379166      63.90373312
C      56.01071828      60.02527123      61.25433683
H      57.22392257      59.21457865      59.79546812
H      54.06430017      59.56417801      60.74789018
H      56.03339500      62.08885238      61.23354984
 %endblock positions_abs
