 %block lattice_cart
   137.614   0.000   0.000
   0.000 142.646   0.000
   0.000   0.000   160.855
 %endblock lattice_cart

 %block positions_abs
O      62.28366478      61.02021215      68.04317861
H      62.49342440      62.52254456      66.99815996
C      60.15961240      59.74275715      67.65389499
C      59.08435813      58.73742276      69.82708025
H      60.07835417      58.84891662      71.62043052
C      56.98865165      57.19540609      69.63243844
H      56.27055565      56.10503401      71.21791882
C      55.56190828      57.16706019      67.41578947
H      53.82902925      56.07668811      67.25138329
C      56.47653582      58.40483092      65.27283984
H      55.22364727      58.25932201      63.64956493
C      58.78200192      59.66905783      65.35598779
C      59.72308562      61.21863340      63.01839634
H      58.91428276      60.47030178      61.27228923
H      59.17317526      63.20473577      63.05052169
H      61.78099758      61.20162587      62.86910797
 %endblock positions_abs
