 %block lattice_cart
   137.614   0.000   0.000
   0.000 142.646   0.000
   0.000   0.000   160.855
 %endblock lattice_cart

 %block positions_abs
O      61.12715227      58.34058023      65.41078985
H      62.04366953      59.85992019      64.91568156
C      58.52877859      58.32357270      65.08953639
C      57.06046124      57.03855880      66.90367364
H      57.90516890      56.14282853      68.54584580
C      54.44319030      56.85336563      66.60320716
H      53.28478807      55.67606613      67.82963953
C      53.26022163      58.07412882      64.53773630
H      51.21364803      57.90027400      64.49616231
C      54.74365678      59.45362903      62.79729836
H      53.90650803      60.40794082      61.18158236
C      57.29478730      59.83913320      63.13933882
C      58.88215741      61.25831766      61.15890565
H      60.48653505      60.27188053      60.31608771
H      57.71430655      61.60980676      59.49216704
H      59.60592259      63.05922684      61.85999411
 %endblock positions_abs
