 %block lattice_cart
   137.614   0.000   0.000
   0.000 142.646   0.000
   0.000   0.000   160.855
 %endblock lattice_cart

 %block positions_abs
O      61.75170681      61.07217961      67.18524287
H      62.08996782      62.72380041      66.44635987
C      59.22136328      60.53360762      66.65422977
C      57.94579803      59.08040808      68.42490333
H      58.73948307      58.75159570      70.29195293
C      55.33986544      58.43979085      68.14900329
H      54.38744337      57.35886740      69.61354118
C      54.35531802      58.84608202      65.68480018
H      52.40323075      58.31317920      65.33709052
C      55.58175041      60.23881031      63.90656771
H      54.44980434      60.74147751      62.26628528
C      58.06485077      61.12320222      64.35065339
C      59.52371950      62.60285792      62.38533802
H      59.24781945      64.63053426      62.65178943
H      61.55139583      62.46112846      62.74816549
H      58.90955844      62.31750926      60.43703020
 %endblock positions_abs
