 %block lattice_cart
   137.614   0.000   0.000
   0.000 142.646   0.000
   0.000   0.000   160.855
 %endblock lattice_cart

 %block positions_abs
O      62.15232878      59.09363616      65.91440192
H      62.90443986      60.50904117      65.01300247
C      59.69946403      58.62498404      65.19252647
C      58.25382340      57.04517284      66.75910958
H      59.02483174      56.20991381      68.46931189
C      55.68190589      56.57274126      66.31124445
H      54.65578450      55.35008834      67.60570697
C      54.56507764      57.59697292      64.09270575
H      52.55818829      57.27949890      63.78657009
C      56.06552033      59.05206218      62.52045346
H      55.39088804      59.68701022      60.68552921
C      58.64499675      59.47536088      63.09493026
C      60.28149973      61.06462071      61.28646218
H      62.22224866      60.37298088      61.19953477
H      59.62198525      60.57518159      59.39484614
H      60.42511893      63.06962032      61.76078348
 %endblock positions_abs
