 %block lattice_cart
   137.614   0.000   0.000
   0.000 142.646   0.000
   0.000   0.000   160.855
 %endblock lattice_cart

 %block positions_abs
O      62.02949658      60.98903166      66.45486365
H      63.32584883      61.93011536      65.54779501
C      59.81095789      60.53927680      65.26055661
C      58.06296105      59.07851836      66.67029245
H      58.48437002      58.24703878      68.49765779
C      55.56474286      59.05773137      65.91818138
H      54.16445567      58.30939975      67.22020280
C      54.96003044      60.29739183      63.69019404
H      52.95125137      60.40132678      63.26878508
C      56.71747592      61.53138311      62.12739038
H      56.26583133      62.39120858      60.31703257
C      59.14388450      61.81484206      63.00233368
C      61.10919987      63.16032719      61.26756492
H      62.83263026      62.14365444      61.76456294
H      60.86920462      62.85041208      59.23988859
H      61.51927048      65.10485557      61.82503417
 %endblock positions_abs
