 %block lattice_cart
   137.614   0.000   0.000
   0.000 142.646   0.000
   0.000   0.000   160.855
 %endblock lattice_cart

 %block positions_abs
O      59.94323874      61.36036287      65.44386007
H      60.75771077      62.30900549      64.09081603
C      58.46736249      59.57835096      64.44797430
C      57.39210820      57.81901577      66.07691838
H      57.88910622      57.81145687      68.07057964
C      55.55529423      56.15227717      65.21520318
H      55.02617086      54.57435569      66.42273830
C      54.67657149      56.27321965      62.76611788
H      53.43880077      54.83702764      61.97810201
C      55.74426687      58.16483568      61.17685805
H      55.27372502      57.91539181      59.19264542
C      57.64722126      59.82968457      61.92141022
C      58.72814471      61.74964651      60.04680172
H      57.73225894      61.64760127      58.24022336
H      58.61287140      63.77165366      60.43986479
H      60.70668817      61.27910465      59.70098180
 %endblock positions_abs
