 %block lattice_cart
   137.614   0.000   0.000
   0.000 142.646   0.000
   0.000   0.000   160.855
 %endblock lattice_cart

 %block positions_abs
O      60.58574567      58.84230257      66.11660263
H      60.69912925      60.59407886      65.55913338
C      58.56373852      57.67823116      65.24921825
C      57.54139659      55.88110144      66.84792671
H      58.35208917      55.57118632      68.70930713
C      55.50238189      54.53183685      65.89739438
H      54.65011533      53.19769007      67.20319527
C      54.18713238      55.45591302      63.81491598
H      52.40134101      54.52238822      63.41807345
C      55.10931882      57.35319823      62.29179657
H      54.03973372      57.94090312      60.64017577
C      57.50360206      58.37931962      62.90973707
C      58.49003920      60.42778295      61.09559981
H      60.54039224      60.43156240      60.85371485
H      57.68879524      60.37298088      59.19453514
H      58.23681586      62.30239145      61.91952050
 %endblock positions_abs
