 %block lattice_cart
   137.614   0.000   0.000
   0.000 142.646   0.000
   0.000   0.000   160.855
 %endblock lattice_cart

 %block positions_abs
O      64.82251207      59.74653661      64.03884855
H      65.31762036      61.45484920      63.56452724
C      62.40933157      59.39693724      63.73838206
C      61.23959098      58.04578293      65.64889537
H      62.28271991      57.42784242      67.30807507
C      58.59019469      57.79444933      65.63944674
H      57.53761713      56.84391699      67.12477162
C      57.17289996      58.59758301      63.43035668
H      55.15845171      58.22530693      63.28673748
C      58.49570837      59.76543387      61.50283584
H      57.50171233      60.47219152      59.85121504
C      61.06762589      60.10747434      61.61810914
C      62.34886033      61.61736566      59.55641773
H      61.44368142      63.42583374      59.15390603
H      64.29716816      62.00098010      60.11388700
H      62.41500075      60.64037716      57.73850102
 %endblock positions_abs
