 %block lattice_cart
   137.614   0.000   0.000
   0.000 142.646   0.000
   0.000   0.000   160.855
 %endblock lattice_cart

 %block positions_abs
O      60.83613442      60.04416850      61.53590605
H      61.91327842      60.98714193      62.69241856
C      59.31490473      58.63065322      63.05902546
C      60.07079526      58.49459293      65.57614091
H      61.65627564      59.49614787      66.41706912
C      58.60814709      57.14910779      67.25610760
H      59.41506023      57.21524821      69.14394419
C      56.58425022      55.51260481      66.45108419
H      55.47687060      54.26160599      67.64728095
C      56.05323712      55.49181782      63.81491599
H      54.67751637      54.19546557      63.00989258
C      57.34203047      57.16233588      62.12361094
C      56.80534820      57.33241125      59.29847010
H      58.52499914      57.88988051      58.30447406
H      56.01166313      55.57307605      58.56714601
H      55.53167266      58.93300943      59.03012896
 %endblock positions_abs
