 %block lattice_cart
   137.614   0.000   0.000
   0.000 142.646   0.000
   0.000   0.000   160.855
 %endblock lattice_cart

 %block positions_abs
O      63.58474133      59.33552114      67.93073990
H      63.96079687      60.63754257      66.68541025
C      61.25470879      58.62687376      67.44885969
C      59.98481271      57.13965916      69.25921750
H      60.79928475      56.53872620      71.04689858
C      57.41100547      56.48770358      68.95119210
H      56.33953065      55.28016847      70.22297792
C      56.17134501      57.09997491      66.71753560
H      54.25516252      56.44612961      66.37927459
C      57.52060959      58.61553542      64.90906752
H      56.75904989      58.95001697      63.03067956
C      59.95835655      59.34874921      65.25866688
C      61.40399718      60.76982341      63.24421863
H      63.06317687      59.67756160      62.68674938
H      60.28149974      61.00792893      61.53023687
H      61.86886984      62.69167506      63.83570298
 %endblock positions_abs
