 %block lattice_cart
   137.614   0.000   0.000
   0.000 142.646   0.000
   0.000   0.000   160.855
 %endblock lattice_cart

 %block positions_abs
O      59.08246840      61.22430258      60.91891041
H      60.75298646      61.84224310      61.38189336
C      58.08469290      59.42339341      62.52139833
C      59.33569172      59.09836049      64.89300485
H      61.14415980      59.99409076      65.27850902
C      58.27177581      57.63004314      66.79973870
H      59.29600747      57.56390271      68.57608143
C      55.92662545      56.47353064      66.47470577
H      54.98365202      55.37182019      67.92601558
C      54.79656912      56.71541560      64.12388624
H      52.98810104      55.77622162      63.87633209
C      55.79434461      58.18751240      62.07164346
C      54.57925059      58.25932201      59.50728486
H      53.40006137      59.95251677      59.43925471
H      55.90205901      58.49553779      57.94070174
H      53.52667304      56.48486899      59.45437252
 %endblock positions_abs
