 %block lattice_cart
   137.614   0.000   0.000
   0.000 142.646   0.000
   0.000   0.000   160.855
 %endblock lattice_cart

 %block positions_abs
O      61.27266119      60.07345926      63.46531662
H      62.76932443      60.75376073      64.29490647
C      59.54923079      59.11158857      65.12638605
C      60.26732679      58.86214470      67.64917067
H      62.15516338      59.41394478      68.23876528
C      58.61381627      57.71319110      69.32724764
H      59.20152115      57.54122600      71.28878355
C      56.24976865      56.88549097      68.51277560
H      54.91373214      55.98031207      69.78267168
C      55.58647471      57.13493485      65.94085809
H      53.76855800      56.43006693      65.29268196
C      57.18140372      58.29522680      64.23443523
C      56.19307686      58.98875636      61.77968075
H      54.33547589      59.88637636      61.74377595
H      57.46864212      60.10936406      60.60427098
H      55.84347749      57.24264924      60.73466209
 %endblock positions_abs
