 %block lattice_cart
   137.614   0.000   0.000
   0.000 142.646   0.000
   0.000   0.000   160.855
 %endblock lattice_cart

 %block positions_abs
O      60.10953465      64.54927603      62.68013533
H      61.34919511      65.57917687      63.56830670
C      58.92845570      62.92600113      64.33364585
C      59.12876669      63.56850808      66.96792433
H      59.91867229      65.34674054      67.62932854
C      58.17067545      61.85452631      68.71214172
H      58.36720699      62.35530378      70.69446462
C      56.79495469      59.72858421      68.05829642
H      56.05418198      58.44734977      69.48126034
C      56.37354573      59.27504989      65.47504055
H      55.24348939      57.65555444      64.91001238
C      57.53950686      60.75848505      63.55129916
C      57.25226846      60.07818358      60.81875491
H      57.04439857      58.04294834      60.55041377
H      55.67812644      61.21390909      60.11955617
H      58.83207966      60.80194875      59.70570611
 %endblock positions_abs
