 %block lattice_cart
   137.614   0.000   0.000
   0.000 142.646   0.000
   0.000   0.000   160.855
 %endblock lattice_cart

 %block positions_abs
O      60.85219709      61.64760127      61.62094373
H      62.38665484      61.94995748      62.59604251
C      59.36120302      60.16227639      63.02878984
C      60.28149973      59.08702213      65.30591005
H      62.12020344      59.69740373      65.98621152
C      58.85097692      57.14438347      66.46053282
H      59.75804555      56.25432238      68.07435909
C      56.56629781      56.53778132      65.46842651
H      55.34931406      55.15828111      66.38683350
C      55.52127916      57.79444933      63.43319127
H      53.78084121      57.19351635      62.52612264
C      56.96691979      59.69929344      62.19731026
C      55.83875318      61.04477859      59.88806471
H      57.35620341      61.44540056      58.54824875
H      54.24004471      60.04133391      59.05847485
H      55.07908319      62.88159255      60.45120315
 %endblock positions_abs
