 %block lattice_cart
   137.614   0.000   0.000
   0.000 142.646   0.000
   0.000   0.000   160.855
 %endblock lattice_cart

 %block positions_abs
O      61.33691188      63.93228039      59.23232968
H      62.53310864      64.80155450      60.32459148
C      60.05756718      62.32790275      60.77245662
C      61.11203445      61.43973139      63.03256929
H      62.96774569      62.05011298      63.66751733
C      59.79678494      59.76921333      64.55757843
H      60.62259535      59.17583927      66.34336979
C      57.40061197      58.87726250      63.81869544
H      56.28756318      57.59224862      64.97142849
C      56.28378372      59.84858182      61.64928963
H      54.34303481      59.34213517      61.20142449
C      57.57257707      61.54744579      60.08270652
C      56.03622958      62.59246443      57.90385208
H      54.14650326      63.18394877      58.48021860
H      56.81857627      64.22329824      56.90796631
H      55.81513160      60.96352035      56.65663271
 %endblock positions_abs
