 %block lattice_cart
   137.614   0.000   0.000
   0.000 142.646   0.000
   0.000   0.000   160.855
 %endblock lattice_cart

 %block positions_abs
O      60.94857313      64.18266913      62.30030035
H      62.43011857      64.62675481      63.29996557
C      59.84686269      62.39309831      63.87444237
C      60.64621692      62.10208046      66.39155781
H      62.20902058      63.11497376      67.25894218
C      59.43868181      60.40321650      67.85609571
H      59.90922365      60.47691583      69.85353642
C      57.53950686      58.73269844      66.96414488
H      56.56440808      57.38154413      68.16601081
C      56.57385671      59.14843823      64.53395685
H      55.13199554      57.81618118      63.92924443
C      57.90989321      60.90588370      63.00705799
C      57.01227323      61.18556320      60.24049867
H      55.87087852      62.89009633      59.99672397
H      58.54673098      60.95123713      58.88178544
H      55.84442235      59.56606775      59.72460338
 %endblock positions_abs
