 %block lattice_cart
   137.614   0.000   0.000
   0.000 142.646   0.000
   0.000   0.000   160.855
 %endblock lattice_cart

 %block positions_abs
O      59.96969490      60.85202650      63.80830194
H      61.30195195      61.59846839      64.83442333
C      58.52216454      59.55000507      65.49960699
C      59.54261675      59.23442077      67.92790530
H      61.51738075      59.66905782      68.28506358
C      58.31618438      57.75098562      69.86109532
H      59.22892219      57.37115063      71.66389422
C      56.00504910      56.64360600      69.12221234
H      54.94302291      55.45685787      70.41856458
C      54.97514826      57.08958141      66.69580376
H      53.11754729      56.29589635      66.32163795
C      56.08819705      58.55222957      64.84954115
C      54.96003044      59.03788924      62.30974898
H      52.97392809      59.53299753      62.56108258
H      55.95213676      60.61581071      61.42724680
H      55.08286265      57.32012802      61.16835429
 %endblock positions_abs
