 %block lattice_cart
   137.614   0.000   0.000
   0.000 142.646   0.000
   0.000   0.000   160.855
 %endblock lattice_cart

 %block positions_abs
O      60.75015186      64.37447635      62.37210994
H      62.41311102      64.69761955      63.09398539
C      59.54072703      62.46018359      63.57964506
C      60.74448269      61.46240810      65.74527141
H      62.56617885      62.01987736      66.51439002
C      59.63710306      59.43284204      66.95847570
H      60.63865801      58.34246996      68.38143962
C      57.37132122      58.35569804      66.10431941
H      56.65700467      56.64927518      66.99627023
C      56.01827718      59.53488726      64.22782119
H      54.27405979      58.86781387      63.36988544
C      57.14455407      61.50209235      62.87666686
C      55.51372026      62.64915622      60.64301037
H      53.50494118      62.24286507      60.88489534
H      55.67434698      64.69950927      60.84143162
H      56.20158063      62.05200271      58.79296831
 %endblock positions_abs
