 %block lattice_cart
   137.614   0.000   0.000
   0.000 142.646   0.000
   0.000   0.000   160.855
 %endblock lattice_cart

 %block positions_abs
O      60.08874765      59.32418278      68.06963478
H      60.50826689      60.94556796      67.30996480
C      57.75493566      58.30373057      67.54807031
C      57.03117049      56.13243504      68.87654791
H      58.48059056      55.61465003      70.23526113
C      54.70113793      54.91923074      68.57797116
H      54.16634540      53.27327912      69.68535077
C      53.04006851      56.09086106      66.73737773
H      51.21648262      55.17623352      66.50494139
C      53.82808439      58.13932438      65.21992750
H      52.57708557      58.92545053      63.79318413
C      56.19024228      59.39410265      65.69235908
C      56.89322046      61.67500231      64.11443760
H      58.02327680      63.00159018      65.21803777
H      58.29350765      60.87753781      62.82564426
H      55.30774008      62.54616614      63.12044156
 %endblock positions_abs
