 %block lattice_cart
   137.614   0.000   0.000
   0.000 142.646   0.000
   0.000   0.000   160.855
 %endblock lattice_cart

 %block positions_abs
O      59.39143865      59.56512288      66.90178391
H      60.59897376      59.99031130      65.57708578
C      57.62832400      57.75665480      66.18179819
C      56.62487932      56.20896896      68.09609095
H      57.06329583      56.62092929      70.06329604
C      55.02050168      54.18318234      67.46114291
H      54.26461116      53.22320138      69.11465343
C      54.42334817      53.79956791      64.96481445
H      53.00605343      52.39172181      64.49238286
C      55.38332914      55.41339417      63.13555937
H      55.03939895      55.05056672      61.14378783
C      57.07463419      57.33524583      63.76672797
C      58.08374804      59.03788925      61.70692628
H      60.00370997      58.41238983      61.28551731
H      56.84219785      58.96230019      60.06097467
H      58.28216930      61.00131488      62.31730789
 %endblock positions_abs
