 %block lattice_cart
   137.614   0.000   0.000
   0.000 142.646   0.000
   0.000   0.000   160.855
 %endblock lattice_cart

 %block positions_abs
O      61.63548864      59.63409790      67.37988467
H      62.45751958      60.30873019      65.87755225
C      60.15394321      57.65366471      66.76761336
C      59.12215264      56.23448026      68.74237734
H      59.37726569      56.71069129      70.72470024
C      57.81824149      54.09531008      68.13955465
H      56.75054612      52.97470236      69.49070896
C      57.53289281      53.37721407      65.54307069
H      56.74676667      51.51583366      65.18213298
C      58.60058818      54.77372182      63.69302863
H      58.66294915      54.26349571      61.70503655
C      59.72875479      57.05462147      64.27884380
C      61.04022485      58.64199157      62.22849075
H      63.10380598      58.66277857      62.21337294
H      60.35992338      57.95035174      60.40679459
H      60.28244460      60.55439460      62.40990447
 %endblock positions_abs
