 %block lattice_cart
   137.614   0.000   0.000
   0.000 142.646   0.000
   0.000   0.000   160.855
 %endblock lattice_cart

 %block positions_abs
O      58.50326727      61.48791941      62.19258595
H      59.90922365      62.27026610      63.08642649
C      57.06329582      59.84007806      63.60799095
C      57.85698087      59.55094993      66.11187832
H      59.66544897      60.23125141      66.81107706
C      56.43401696      57.94846202      67.65767444
H      57.23337120      57.63665718      69.52283431
C      54.29673650      56.66533785      66.81674623
H      53.42368295      55.18946160      67.95058202
C      53.34431445      57.16233587      64.44702944
H      51.62277377      56.28739259      63.74972043
C      54.83719824      58.71002172      62.90879222
C      53.66367820      59.32985196      60.35766170
H      53.27250485      57.68956952      59.17091357
H      51.77773133      60.05172741      60.77907066
H      54.90900783      60.54494597      59.24650262
 %endblock positions_abs
