 %block lattice_cart
   137.614   0.000   0.000
   0.000 142.646   0.000
   0.000   0.000   160.855
 %endblock lattice_cart

 %block positions_abs
O      58.02327680      65.34768540      59.97121266
H      59.58419073      65.48752514      60.93686281
C      56.64755603      63.70929268      61.42063274
C      57.63021373      62.84757749      63.58058992
H      59.56151402      63.42205428      63.98310162
C      56.25260325      61.11847791      65.03945864
H      57.18990749      60.40416136      66.72131505
C      53.87532753      60.16983530      64.19664070
H      52.88700067      58.77143783      65.33236622
C      52.83030888      61.42272385      62.22187670
H      50.85743462      61.10902928      61.73810676
C      54.16445567      63.17638986      60.73277237
C      52.90589794      64.51809556      58.49155697
H      50.85554489      64.70328872      58.66163234
H      53.72603917      66.38136569      58.16652404
H      53.31596855      63.48252553      56.75489848
 %endblock positions_abs
