 %block lattice_cart
   137.614   0.000   0.000
   0.000 142.646   0.000
   0.000   0.000   160.855
 %endblock lattice_cart

 %block positions_abs
O      61.91044383      61.34052076      64.36482634
H      62.42633911      63.07339978      64.02467560
C      59.81473734      60.53360761      63.19508576
C      58.52594400      58.43979086      64.31947292
H      59.52749894      57.33052152      65.73109847
C      56.17890392      57.65933389      63.27256454
H      55.36254215      55.85464526      63.81869544
C      55.16223116      58.95568614      61.22221149
H      53.37266034      58.31884837      60.43419562
C      56.50582657      60.97391384      60.23388463
H      55.67056754      62.13798525      58.75800838
C      58.82263103      61.77893725      61.20898340
C      60.13788054      63.93133552      59.98633048
H      59.79584008      65.46957274      61.31858752
H      62.16366715      63.69511974      59.66129755
H      59.19112766      64.64565208      58.29691516
 %endblock positions_abs
