 %block lattice_cart
   137.614   0.000   0.000
   0.000 142.646   0.000
   0.000   0.000   160.855
 %endblock lattice_cart

 %block positions_abs
O      61.80178456      58.91505704      64.87977677
H      62.60869769      60.21329900      63.85365537
C      59.60025340      58.26121172      63.73082316
C      58.25287854      56.21274840      64.72292948
H      58.80089917      54.99387493      66.28006396
C      55.76977816      55.78000108      64.00672320
H      54.92318078      54.06979877      64.77017263
C      54.70775198      57.21997253      62.09809962
H      52.91818117      56.61337038      61.29118649
C      56.14772343      59.11536802      60.95670493
H      55.42962743      60.04889282      59.27106906
C      58.61948544      59.73708797      61.72960299
C      60.00087538      61.82523556      60.53907542
H      60.16339184      63.45417964      61.79574341
H      61.89438114      61.25831765      59.94759108
H      59.05601222      62.33924110      58.77785049
 %endblock positions_abs
