 %block lattice_cart
   137.614   0.000   0.000
   0.000 142.646   0.000
   0.000   0.000   160.855
 %endblock lattice_cart

 %block positions_abs
O      60.86259058      62.05578216      62.63289217
H      62.69562511      62.02176709      62.78784973
C      59.53789244      60.23030655      64.00105403
C      60.38448983      59.47819547      66.43691125
H      62.17217092      60.18306339      67.16067642
C      58.94640810      57.75287535      67.86176488
H      59.44907530      57.32012802      69.80440353
C      56.91117286      56.71730533      66.73926746
H      55.66584322      55.52866748      67.85987515
C      56.15528234      57.26910541      64.32419722
H      54.50366154      56.31101417      63.56263752
C      57.38360444      59.15883173      63.00516826
C      56.39716731      59.85236128      60.29719045
H      56.51622006      58.22152748      59.04052246
H      54.36571152      60.21518874      60.33876444
H      57.18518318      61.62303484      59.58476364
 %endblock positions_abs
