 %block lattice_cart
   137.614   0.000   0.000
   0.000 142.646   0.000
   0.000   0.000   160.855
 %endblock lattice_cart

 %block positions_abs
O      59.04656360      61.88665165      64.10404411
H      60.56590355      62.56884285      64.89017026
C      57.82202094      60.70557272      65.93896836
C      58.59491901      60.86053028      68.39939202
H      60.12937677      62.11719826      68.93418457
C      57.36281744      59.46213280      70.34203067
H      58.15650250      59.63787735      72.22797754
C      55.33325139      57.84830652      69.83936347
H      54.35815262      56.60864607      71.15650271
C      54.50366153      57.83318872      67.29768158
H      52.89739418      56.63510224      66.85926507
C      55.69607885      59.18245330      65.40795526
C      54.36193206      59.08040809      62.81336105
H      55.28411851      60.13676510      61.29969027
H      54.09548066      57.15855643      62.11227257
H      52.57236125      60.06684522      63.09115080
 %endblock positions_abs
