 %block lattice_cart
   137.614   0.000   0.000
   0.000 142.646   0.000
   0.000   0.000   160.855
 %endblock lattice_cart

 %block positions_abs
O      59.54261675      60.86903403      63.68546974
H      60.99203684      61.66838827      64.49049315
C      58.18768299      59.40071668      65.45992273
C      59.25159890      58.85458578      67.73515321
H      61.12053823      59.59346877      68.15656219
C      57.95524665      57.52043901      69.47370143
H      58.82452076      57.35414309      71.32941267
C      55.62521411      56.59069367      69.06552054
H      54.63310779      55.33780511      70.35431389
C      54.34020021      57.38248898      66.84509213
H      52.35976704      56.88549097      66.61454552
C      55.69324425      58.90182894      65.02717542
C      54.39689200      59.70496262      62.58186957
H      52.43724582      60.22274763      62.96359428
H      55.48159491      61.16383133      61.60677079
H      54.57074682      58.09869525      61.29685568
 %endblock positions_abs
