 %block lattice_cart
   137.614   0.000   0.000
   0.000 142.646   0.000
   0.000   0.000   160.855
 %endblock lattice_cart

 %block positions_abs
O      61.34730538      59.61425576      66.18557764
H      62.46791309      60.87848268      65.45614328
C      59.81851680      58.24231446      64.55852328
C      58.56751798      56.11259291      65.53929125
H      58.18579326      56.22408676      67.55373950
C      57.41667465      54.29467619      63.99349512
H      56.46992177      52.60526087      64.67946577
C      57.43746164      54.66317283      61.48015913
H      56.61354097      53.27044453      60.21971167
C      58.60342278      56.84580671      60.43514047
H      58.82641048      56.96108003      58.39612578
C      59.96213600      58.52955286      61.90534754
C      61.40777662      60.68195114      60.79796792
H      63.39387898      60.35691820      61.25150224
H      61.20935536      60.67628195      58.74383543
H      60.68779090      62.47908085      61.51417419
 %endblock positions_abs
