 %block lattice_cart
   137.614   0.000   0.000
   0.000 142.646   0.000
   0.000   0.000   160.855
 %endblock lattice_cart

 %block positions_abs
O      60.64716178      58.45963298      66.59753799
H      61.22919749      60.16605584      66.22715163
C      58.20941484      58.36703639      66.01550227
C      56.49165362      57.19540608      67.58586485
H      57.08691741      56.20518949      69.28661852
C      53.95942036      57.02911016      66.83186405
H      52.61582495      56.13526962      68.10364986
C      53.09581543      58.48041997      64.85898977
H      51.11727198      58.48608915      64.30152051
C      54.84192255      59.74842633      63.23571487
H      54.30146082      60.88037239      61.61055024
C      57.35903800      59.74275715      63.82341975
C      59.19774170      61.15438271      62.07164346
H      58.16217168      62.26176233      60.67324598
H      60.45818915      62.41671988      63.10721348
H      60.47519669      59.95251677      60.98316111
 %endblock positions_abs
