 %block lattice_cart
   137.614   0.000   0.000
   0.000 142.646   0.000
   0.000   0.000   160.855
 %endblock lattice_cart

 %block positions_abs
O      61.64777186      61.40760605      59.74822496
H      62.92522685      61.90082461      60.97843679
C      60.05095313      59.87692773      61.09748954
C      60.70668816      58.61081110      63.41618373
H      62.57751721      58.86970361      64.21931741
C      58.98514749      57.48264449      64.93174423
H      59.80150926      56.72297452      66.65706436
C      56.49826766      57.15005266      64.03601396
H      55.21514349      56.16172580      65.30024086
C      55.88410661      58.09869527      61.65873826
H      53.89989398      58.05901102      61.12394571
C      57.63777263      59.35914272      60.13561885
C      56.76282934      60.26243189      57.60905477
H      58.17067545      60.34557986      56.10105317
H      55.06396539      59.32701737      56.90985603
H      55.99937991      62.17483492      57.73377671
 %endblock positions_abs
