 %block lattice_cart
   137.614   0.000   0.000
   0.000 142.646   0.000
   0.000   0.000   160.855
 %endblock lattice_cart

 %block positions_abs
O      61.04589404      60.83596382      67.43563160
H      61.48242081      62.03216058      66.10526427
C      59.99898566      58.80828750      66.40762048
C      58.96908482      57.06595984      67.94585770
H      59.32057391      57.36264687      69.94707787
C      57.74265244      54.92489993      67.00855345
H      56.67495707      53.65122439      68.21608856
C      57.66895311      54.51104985      64.41773867
H      56.46519745      52.99548936      63.72987830
C      58.97853345      56.04550762      62.82658912
H      58.86514987      55.72047469      60.80080252
C      60.01977265      58.26404632      63.88483586
C      61.04400431      60.13298563      62.04613215
H      59.68529109      61.68445094      62.05936024
H      62.88081829      60.60919667      62.86060419
H      61.29911736      59.29394715      60.17719283
 %endblock positions_abs
