 %block lattice_cart
   137.614   0.000   0.000
   0.000 142.646   0.000
   0.000   0.000   160.855
 %endblock lattice_cart

 %block positions_abs
O      59.41411537      62.16538629      64.69363872
H      60.89188135      62.94773298      65.46842651
C      58.17067546      60.75754018      66.44352529
C      59.10797970      60.44762507      68.91150785
H      60.85408682      61.26587656      69.62015522
C      57.69257469      59.00009471      70.68407113
H      58.34830973      58.98308717      72.63048924
C      55.78017166      57.35792255      69.88849636
H      54.92223592      56.00676823      71.17539998
C      55.02050168      57.62626368      67.37705009
H      53.53706654      56.44896419      66.58336503
C      56.12788131      59.30245092      65.67251695
C      55.09042156      59.84669210      63.02690011
H      53.71848026      58.39538229      62.50533565
H      54.28539816      61.73263896      62.78312542
H      56.54929027      59.54433589      61.60015675
 %endblock positions_abs
