 %block lattice_cart
   137.614   0.000   0.000
   0.000 142.646   0.000
   0.000   0.000   160.855
 %endblock lattice_cart

 %block positions_abs
O      59.75332123      60.98430734      66.39439240
H      60.59424944      61.91594242      65.04890726
C      57.50832637      59.99787021      65.79345944
C      56.07591383      58.88482141      67.77767207
H      56.73353858      58.85836524      69.72220044
C      53.92351555      57.50532120      67.27311513
H      52.89172499      56.60959093      68.80757291
C      53.13927914      57.17461910      64.70497708
H      51.59159328      55.84803123      64.45553320
C      54.46775673      58.44829463      62.71887472
H      53.88572103      58.08924663      60.78190525
C      56.74865639      59.58968933      63.30657961
C      58.28122443      60.45140452      61.09559981
H      58.73475875      62.46396305      61.02190049
H      60.00087538      59.31567901      60.98032652
H      57.24943387      60.30778532      59.31547764
 %endblock positions_abs
