 %block lattice_cart
   137.614   0.000   0.000
   0.000 142.646   0.000
   0.000   0.000   160.855
 %endblock lattice_cart

 %block positions_abs
O      62.92995116      62.05105784      59.95231540
H      64.24898013      62.99781073      60.82347923
C      61.37281668      61.32918239      61.74188622
C      62.25720861      60.32573772      63.96420437
H      64.23953151      60.61297612      64.42340786
C      60.62448507      59.25804235      65.71220120
H      61.17439543      58.47758539      67.52822819
C      58.06768537      58.75915461      65.02434083
H      57.01132836      57.37020577      66.10904373
C      57.00943864      59.80984244      62.75100007
H      54.96475476      59.76070955      62.56391717
C      58.82168617      60.95879604      61.24866765
C      57.64627640      62.24003048      59.04713650
H      56.27811455      60.92856041      58.23266446
H      56.48220499      63.85385675      59.59137768
H      58.88215741      63.04505388      57.60527532
 %endblock positions_abs
