 %block lattice_cart
   137.614   0.000   0.000
   0.000 142.646   0.000
   0.000   0.000   160.855
 %endblock lattice_cart

 %block positions_abs
O      62.27421614      59.25331803      67.85042653
H      62.80900869      59.98275239      66.24793862
C      60.22008364      57.90216372      67.11532300
C      59.04278414      56.29211691      68.75371570
H      59.70229862      55.91795109      70.66233929
C      56.92440095      54.87860163      67.82019091
H      55.93985353      53.55201376      69.04284384
C      55.92473572      55.40016608      65.46748165
H      54.29201219      54.30412483      64.87599732
C      57.11148386      57.04989715      63.80074304
H      56.52944815      57.19162663      61.83542768
C      59.15994717      58.40861037      64.70214250
C      60.29000352      60.43061753      62.99760936
H      61.78099758      59.70496262      61.76928726
H      58.91428276      61.18272860      61.65590368
H      60.88526730      62.06145134      64.11632733
 %endblock positions_abs
