 %block lattice_cart
   137.614   0.000   0.000
   0.000 142.646   0.000
   0.000   0.000   160.855
 %endblock lattice_cart

 %block positions_abs
O      62.38382027      60.47975041      65.48448918
H      62.81278814      62.25798288      65.28039874
C      59.81568221      59.94117842      64.97237335
C      58.79900945      57.78689042      66.02306118
H      60.01977265      56.58880394      67.16067642
C      56.25732756      57.22564170      65.78117622
H      55.53545211      55.66850722      66.90745310
C      54.77767186      58.74309193      64.14656295
H      52.77456197      58.35569804      63.91412662
C      55.94174327      60.75754018      62.97304291
H      54.80034857      61.92917050      61.72771327
C      58.43240255      61.34524507      63.32264228
C      59.46608284      63.65071117      61.91479618
H      58.99554099      63.87558860      59.91924519
H      58.78200191      65.28343470      62.98060182
H      61.52588452      63.65638035      61.78251534
 %endblock positions_abs
