 %block lattice_cart
   137.614   0.000   0.000
   0.000 142.646   0.000
   0.000   0.000   160.855
 %endblock lattice_cart

 %block positions_abs
O      62.65216140      58.07223910      61.67669066
H      64.28110549      58.50309669      62.42124283
C      60.88526730      57.41083488      63.40201078
C      61.82257155      57.21052389      65.93802350
H      63.68017252      57.80767742      66.58242017
C      60.23709118      56.20896894      67.75971966
H      60.99676115      56.03511413      69.65889461
C      57.77666752      55.43418116      67.18713259
H      56.76377421      54.31546318      68.57986088
C      56.85826053      55.59102845      64.67946577
H      54.95908558      54.93340369      64.25805680
C      58.45318954      56.63793682      62.78784973
C      57.41761952      57.03288962      60.18191715
H      56.31779880      58.77899674      60.24805757
H      58.87459850      57.35036365      58.75706351
H      56.17417960      55.54945446      59.46571087
 %endblock positions_abs
