 %block lattice_cart
   137.614   0.000   0.000
   0.000 142.646   0.000
   0.000   0.000   160.855
 %endblock lattice_cart

 %block positions_abs
O      61.54005746      60.24542435      66.86682398
H      62.40744185      61.61358620      65.99754988
C      61.05628753      58.18751240      65.42496280
C      60.26638192      55.95574562      66.66084381
H      60.31929427      55.91228192      68.71308658
C      59.61064690      53.86948777      65.16607031
H      58.86798445      52.18574163      66.08069783
C      59.53505784      54.09814466      62.51289456
H      58.84530774      52.51644373      61.39795603
C      60.23614630      56.28644773      61.29969026
H      60.25315384      56.60959093      59.27012421
C      61.06195671      58.29333707      62.81336104
C      61.73469927      60.66872306      61.41874302
H      63.74536808      60.47786069      60.99166487
H      60.67267308      60.64226688      59.64995919
H      61.28116496      62.38648426      62.46754112
 %endblock positions_abs
