 %block lattice_cart
   137.614   0.000   0.000
   0.000 142.646   0.000
   0.000   0.000   160.855
 %endblock lattice_cart

 %block positions_abs
O      62.48681035      61.39059850      63.03067956
H      64.15543868      61.60224784      63.77901118
C      60.94668340      59.91661197      64.47443047
C      61.70257393      58.89427004      66.77989657
H      63.53938790      59.45362903      67.50744120
C      60.10008601      57.51099038      68.25577282
H      60.84652791      56.88738069      70.06424090
C      57.79273019      56.80990191      67.26366650
H      56.73448345      55.48898322      68.42773791
C      56.79873415      57.52043901      64.94686204
H      55.04506813      56.79100465      64.17018453
C      58.38043507      59.32701736      63.61460499
C      57.37888012      60.17928393      60.96898816
H      55.34364488      60.28321888      61.29591081
H      58.24248505      61.98964175      60.48899767
H      57.80406854      58.70907687      59.58192904
 %endblock positions_abs
