 %block lattice_cart
   137.614   0.000   0.000
   0.000 142.646   0.000
   0.000   0.000   160.855
 %endblock lattice_cart

 %block positions_abs
O      62.18067469      62.61419629      61.80519206
H      63.46757831      63.39087380      62.86721823
C      60.79739503      60.91533232      63.20736897
C      61.69879448      60.09141166      65.52039398
H      63.62442559      60.54683569      66.07030434
C      60.49503882      58.20735452      66.91312228
H      61.18667865      57.29272699      68.61576568
C      57.98359255      57.30217561      66.10242969
H      56.94424308      55.78661512      67.02083667
C      56.92156636      58.43034223      64.07853280
H      55.09987019      57.63476746      63.55696835
C      58.24059533      60.17644934      62.59131819
C      56.99148623      60.89265561      60.12522535
H      57.52627878      59.66811297      58.55108334
H      54.93546400      60.76982340      60.21971167
H      57.56029385      62.82017645      59.66224241
 %endblock positions_abs
