 %block lattice_cart
   137.614   0.000   0.000
   0.000 142.646   0.000
   0.000   0.000   160.855
 %endblock lattice_cart

 %block positions_abs
O      62.71924668      62.68789562      62.37494453
H      64.22724828      62.93544976      63.39917620
C      61.27171633      61.38776390      63.94530710
C      62.25815346      60.63565284      66.30179581
H      64.19512293      61.22713717      66.64005683
C      60.68779090      59.47347115      67.96475496
H      61.56084445      58.95001697      69.74865660
C      58.17823435      59.01993683      67.49988229
H      57.11242871      57.92389558      68.87182361
C      57.19179722      59.72291503      65.19819564
H      55.16979006      59.62842871      64.85048600
C      58.67334265      61.06273099      63.48988307
C      57.40722602      62.30239144      61.26567520
H      56.83652867      64.22613283      61.74377595
H      58.74326252      62.62931409      59.72932770
H      55.72914905      61.38398446      60.49277713
 %endblock positions_abs
