 %block lattice_cart
   137.614   0.000   0.000
   0.000 142.646   0.000
   0.000   0.000   160.855
 %endblock lattice_cart

 %block positions_abs
O      61.76399003      62.01137359      60.24994729
H      63.41183137      62.31939898      61.00961727
C      60.33535695      60.33140690      61.49527693
C      61.20463104      59.32607250      63.76294850
H      62.83735457      60.25581785      64.59442809
C      59.71363699      57.62342910      65.19158161
H      60.43929189      57.12076190      67.04729285
C      57.39872226      56.95635571      64.27695406
H      56.29512209      55.52016371      65.24449394
C      56.44630018      58.03916888      62.04329757
H      54.54334580      57.63287773      61.38378308
C      57.89761000      59.82684998      60.66379735
C      56.96975438      61.08351798      58.22982986
H      57.66517366      63.02615662      58.23738877
H      57.96564015      60.22747196      56.63868031
H      54.92696024      60.96068576      57.95770927
 %endblock positions_abs
