 %block lattice_cart
   137.614   0.000   0.000
   0.000 142.646   0.000
   0.000   0.000   160.855
 %endblock lattice_cart

 %block positions_abs
O      64.73558466      63.01481827      60.17813769
H      66.23224790      63.55527999      61.09843441
C      63.37876117      61.15910703      61.44047487
C      64.49747915      60.03849933      63.55129916
H      66.41366163      60.28983292      64.24482872
C      63.14065565      58.35853263      65.05552131
H      63.98536332      57.54972977      66.74493663
C      60.63865802      57.67634143      64.46970615
H      59.53883730      56.41022480      65.65267482
C      59.50671195      58.62876350      62.31352843
H      57.64344181      57.99192573      61.72771327
C      60.88999162      60.42022404      60.90001315
C      59.63710307      61.55783928      58.55297307
H      60.65755528      60.80950766      56.92213926
H      57.69824387      60.85675082      58.61722376
H      59.67678732      63.61953069      58.56620115
 %endblock positions_abs
