 %block lattice_cart
   137.614   0.000   0.000
   0.000 142.646   0.000
   0.000   0.000   160.855
 %endblock lattice_cart

 %block positions_abs
O      62.10886508      59.84291265      63.92168552
H      62.74570285      61.22619231      62.88611550
C      60.03016615      58.80545290      62.98627100
C      58.55617961      57.37115063      64.57175137
H      58.99648586      56.99698482      66.54084619
C      56.24126488      56.49242790      63.77995605
H      55.09609074      55.40205581      65.08953638
C      55.71970042      56.52455324      61.19103100
H      53.94902687      55.71197093      60.53907542
C      57.00849376      58.20829939      59.70003694
H      56.58330534      58.24987337      57.68936814
C      59.20624548      59.44607012      60.61844393
C      60.92400669      61.09580119      58.91202106
H      62.81940219      60.34746957      58.58887787
H      60.27016139      60.94651282      56.96182351
H      60.88243272      63.12914671      59.25217180
 %endblock positions_abs
