 %block lattice_cart
   137.614   0.000   0.000
   0.000 142.646   0.000
   0.000   0.000   160.855
 %endblock lattice_cart

 %block positions_abs
O      59.32718795      58.64955048      59.92113491
H      59.90355447      59.33363140      61.52929201
C      57.46580753      56.89966391      60.41057403
C      57.49982261      55.98314665      62.86343878
H      58.63743784      56.84486185      64.34120477
C      55.68190589      54.24459845      63.40579023
H      55.36632160      53.67579082      65.35598780
C      53.91501179      53.22981541      61.60110162
H      52.38055402      51.97692687      62.13967360
C      54.17768374      54.14822240      59.12556014
H      52.96825890      53.36398598      57.66291198
C      55.84820181      56.08330214      58.46604566
C      55.88221687      57.15099752      55.81098019
H      57.76249456      57.79728392      55.26106984
H      55.17734896      55.66756237      54.55998136
H      54.61421053      58.77616215      55.74295005
 %endblock positions_abs
