 %block lattice_cart
   137.614   0.000   0.000
   0.000 142.646   0.000
   0.000   0.000   160.855
 %endblock lattice_cart

 %block positions_abs
O      62.24020106      60.39754732      61.08898577
H      63.77843828      60.62242476      62.07731264
C      60.42795353      59.22024783      62.50628051
C      61.28399955      57.97680792      64.69647331
H      63.30411697      58.09019150      65.05741104
C      59.51521572      56.77683171      66.36888109
H      59.97441921      56.01905146      68.22081288
C      56.92062149      56.99226051      65.76227895
H      55.48065004      56.27038506      67.03784421
C      56.20441522      58.29806139      63.57964505
H      54.21831286      58.43412168      63.07130868
C      57.91083808      59.30339579      61.86566329
C      56.87904751      60.73202888      59.49972594
H      57.44218595      59.77771709      57.75928801
H      54.83625337      61.01737755      59.48649786
H      57.52155446      62.65199082      59.10288342
 %endblock positions_abs
