 %block lattice_cart
   137.614   0.000   0.000
   0.000 142.646   0.000
   0.000   0.000   160.855
 %endblock lattice_cart

 %block positions_abs
O      63.77087938      59.45646362      65.13677954
H      64.54944662      60.64888091      63.97081840
C      61.45218519      58.87064845      64.36388148
C      60.16339185      56.91856117      65.59598303
H      61.12526254      55.95102130      67.13233053
C      57.74643189      56.20046517      64.85710004
H      56.80912764      54.59419782      65.73015360
C      56.53133787      57.62909828      63.06752923
H      54.49610264      57.44201537      62.85021070
C      57.72375518      59.53394239      61.75227971
H      56.59369884      60.70557270      60.49939117
C      60.20118637      60.18211852      62.41557365
C      61.65249618      62.28160445      61.02284536
H      63.32679370      61.44634543      60.15735070
H      60.49598368      62.74269768      59.37689374
H      62.02666199      63.88409237      62.26439554
 %endblock positions_abs
