 %block lattice_cart
   137.614   0.000   0.000
   0.000 142.646   0.000
   0.000   0.000   160.855
 %endblock lattice_cart

 %block positions_abs
O      60.66416933      58.96607964      64.15128726
H      62.09091268      59.36859135      65.24354908
C      58.89160604      58.43317682      65.88983547
C      59.64371712      58.55978849      68.49954751
H      61.60714275      59.04733788      68.86615441
C      58.20563539      57.43918078      70.34958957
H      58.75932520      57.54311573      72.32624329
C      55.89261038      56.54156078      69.80345866
H      54.83814309      55.61559489      71.30201163
C      54.96286504      56.67762108      67.40539598
H      53.06935927      55.93684836      67.10115004
C      56.48220499      57.59224861      65.40984499
C      55.48065004      57.45618832      62.68108019
H      57.03400508      57.80200824      61.36583068
H      54.80034858      55.52110858      62.46565139
H      53.92162584      58.76198920      62.34092945
 %endblock positions_abs
