 %block lattice_cart
   137.614   0.000   0.000
   0.000 142.646   0.000
   0.000   0.000   160.855
 %endblock lattice_cart

 %block positions_abs
O      59.34514035      63.68378138      61.75227971
H      60.88148784      63.85196703      62.75194493
C      57.85981547      62.10397019      62.92013058
C      58.76877383      61.04194399      65.15000763
H      60.33913639      61.88476194      66.16857011
C      57.25132360      59.16733549      66.26305642
H      57.87871273      58.63065322      68.14522383
C      54.90050406      58.41144498      65.21803777
H      53.53234221      57.20390985      66.15534202
C      54.14461354      59.50937595      63.03162443
H      52.26811531      59.05017246      62.33431542
C      55.58836444      61.24981389      61.86188384
C      54.72664924      62.30995035      59.35043757
H      52.73487771      62.85041208      59.38823210
H      55.80379324      64.04471910      59.05375054
H      55.22175754      61.12509196      57.73472157
 %endblock positions_abs
