 %block lattice_cart
   137.614   0.000   0.000
   0.000 142.646   0.000
   0.000   0.000   160.855
 %endblock lattice_cart

 %block positions_abs
O      62.38570999      59.66716811      65.88889062
H      63.20018203      60.61959017      64.54151576
C      60.07079525      58.69584878      65.17079462
C      58.67995669      57.15572183      66.85643049
H      59.41317050      56.82313000      68.74615680
C      56.28189400      56.20518949      66.12510640
H      55.31435412      55.06568454      67.53484224
C      55.40695071      56.80234302      63.66279301
H      53.50021686      56.22219703      63.16390527
C      56.94707766      58.22530692      61.95448044
H      56.14394398      58.64482616      60.11199728
C      59.18640334      59.27032558      62.72548877
C      60.64527205      61.24131012      61.06819880
H      62.40271752      60.47975041      60.29908019
H      59.37726570      61.91216296      59.58287390
H      61.14415980      62.82112131      62.30030034
 %endblock positions_abs
