 %block lattice_cart
   137.614   0.000   0.000
   0.000 142.646   0.000
   0.000   0.000   160.855
 %endblock lattice_cart

 %block positions_abs
O      61.01282382      60.33802094      64.11632733
H      62.37720622      61.50020263      63.69491836
C      58.79995431      61.23375121      63.27350939
C      56.61165124      60.95407172      64.62655344
H      56.72503481      59.86747909      66.36510164
C      54.28917760      61.99342119      63.85554509
H      52.69046914      61.64571156      65.10087473
C      54.10587414      63.37292140      61.56141735
H      52.36165676      64.27810030      60.96237411
C      56.25638269      63.45228991      60.02884931
H      56.14488884      64.58234624      58.31675727
C      58.55995906      62.40727125      60.86410834
C      60.99959573      63.14237479      59.42413689
H      62.59452474      61.86680954      59.71137529
H      60.40811140      62.82112132      57.47204961
H      61.44746087      65.14737442      59.62633761
 %endblock positions_abs
