 %block lattice_cart
   137.614   0.000   0.000
   0.000 142.646   0.000
   0.000   0.000   160.855
 %endblock lattice_cart

 %block positions_abs
O      60.05567745      62.84663262      64.30907942
H      61.45974409      63.46457313      65.32575217
C      58.48531489      61.59752353      65.77739676
C      59.38860406      60.60730694      68.06585533
H      61.33313243      60.93800905      68.63655267
C      57.68785037      59.26938071      69.64755625
H      58.26988608      58.83852311      71.57129764
C      55.44663498      58.32073810      68.69324446
H      54.33169644      56.88265638      69.64566652
C      54.62271430      59.28827798      66.39344754
H      52.77834141      58.60230732      65.80763238
C      55.95875081      61.03816454      65.06496994
C      54.71531089      62.06428593      62.65745862
H      54.99688010      64.10330062      62.49305243
H      55.68474048      61.23847553      61.03607344
H      52.70086264      61.62208997      62.57242093
 %endblock positions_abs
