 %block lattice_cart
   137.614   0.000   0.000
   0.000 142.646   0.000
   0.000   0.000   160.855
 %endblock lattice_cart

 %block positions_abs
O      62.16839146      59.42244855      65.59598304
H      62.83735458      60.43345212      64.20892393
C      59.71363699      59.08040808      65.34275971
C      58.77444301      57.54595032      67.14555861
H      60.11992814      56.57652072      68.35876291
C      56.25543784      57.34941878      67.59909293
H      55.49576785      56.05306653      68.99938013
C      54.59058896      58.75915461      66.00605365
H      52.53645644      58.74592653      66.01739201
C      55.54868019      60.12920619      63.95570060
H      54.25232794      61.19690155      62.77084220
C      58.13193606      60.58274050      63.88956018
C      59.22608759      62.60285793      62.18313732
H      59.83835893      64.10519035      63.46059231
H      60.86825976      61.81673178      61.21370772
H      57.78044696      63.28882858      60.88300561
 %endblock positions_abs
