 %block lattice_cart
   137.614   0.000   0.000
   0.000 142.646   0.000
   0.000   0.000   160.855
 %endblock lattice_cart

 %block positions_abs
O      63.24837005      57.63476746      64.17207426
H      63.68867628      59.41299992      64.32325236
C      60.91077860      57.16611533      63.29524125
C      59.84497296      54.86820814      63.90373312
H      60.92967587      53.47359011      64.95064150
C      57.46580753      54.25404708      63.11571725
H      56.84030812      52.32085706      63.40295565
C      55.89733469      55.95858021      61.90818214
H      54.00571866      55.42000821      61.31480807
C      57.01227322      58.21113397      61.10315873
H      55.92946004      59.44890471      59.87483662
C      59.59741882      58.85553065      61.83259308
C      60.79550530      61.17989402      60.69497784
H      60.54039225      62.77860247      61.97621228
H      62.82507136      60.85864055      60.48710795
H      60.15299835      61.63909752      58.78824399
 %endblock positions_abs
