 %block lattice_cart
   137.614   0.000   0.000
   0.000 142.646   0.000
   0.000   0.000   160.855
 %endblock lattice_cart

 %block positions_abs
O      60.35425421      60.83312924      66.90839796
H      61.00620978      62.09546642      65.74054710
C      58.29823198      59.70496264      65.85771013
C      56.88471670      58.21018911      67.44130078
H      57.66139421      57.78500069      69.29512229
C      54.95530613      56.80612247      66.57580613
H      53.92918474      55.50977022      67.79656933
C      54.23343068      56.84391700      64.15317700
H      52.66495784      55.76488326      63.38027893
C      55.51277539      58.48230970      62.47887948
H      54.78145131      58.71474604      60.57403536
C      57.57635653      59.86180991      63.32169742
C      59.12026292      61.56823277      61.54535468
H      61.16494679      61.30367109      61.61716428
H      58.67050806      61.10524983      59.58570850
H      58.67428751      63.56378376      61.82314445
 %endblock positions_abs
