 %block lattice_cart
   137.614   0.000   0.000
   0.000 142.646   0.000
   0.000   0.000   160.855
 %endblock lattice_cart

 %block positions_abs
O      61.00620978      60.34274526      60.17530310
H      62.33279765      61.07028989      61.22221148
C      59.36592734      59.60575200      62.01778626
C      60.21630418      59.08040808      64.40640032
H      62.22130380      59.00103959      64.83725792
C      58.60247791      58.37176072      66.24888347
H      59.22230814      58.04672779      68.18018377
C      56.11370836      57.69145924      65.67818614
H      54.88349653      57.20768930      67.25043842
C      55.23498562      58.33396619      63.23665973
H      53.28478807      58.01838189      62.66974184
C      56.75999476      59.34874922      61.42252247
C      55.79245488      60.02527124      58.83359742
H      55.77166789      58.37931963      57.58826778
H      53.97075872      60.94745768      59.14162281
H      56.84314271      61.48036051      57.81692466
 %endblock positions_abs
