 %block lattice_cart
   139.252   0.000   0.000
   0.000 142.425   0.000
   0.000   0.000   162.84
 %endblock lattice_cart

 %block positions_abs
O      61.75151045      59.18533688      62.66635607
H      62.17291942      60.89175975      63.21815616
C      60.45893765      57.99858876      64.58064882
C      58.74306616      56.04839121      64.07609190
H      58.39724625      55.60808497      62.09754845
C      57.48261871      54.69912661      66.03195863
H      56.15792057      53.18923529      65.61054966
C      58.06843387      55.44556850      68.49994119
H      57.00451795      54.47991837      69.96825854
C      59.67092178      57.46568593      69.12733033
H      59.99028553      58.09307508      71.05485117
C      60.97861239      58.60897035      67.17713278
N      62.56220304      60.47790968      67.98404591
H      63.73005390      61.20356459      66.65178887
H      63.24061479      60.18878156      69.75094001
 %endblock positions_abs
