 %block lattice_cart
   139.252   0.000   0.000
   0.000 142.425   0.000
   0.000   0.000   162.84
 %endblock lattice_cart

 %block positions_abs
O      62.17480915      58.55700289      62.96682256
H      62.89479488      60.13870381      63.57342471
C      60.40035614      57.57434520      64.55419267
C      59.63123753      55.14415716      64.14412205
H      59.95438073      54.19551455      62.35077177
C      58.20071472      53.89126862      65.94314150
H      57.68103998      51.95807860      65.49338664
C      57.59411257      55.06289893      68.20703363
H      56.53397611      53.96685767      69.58275438
C      58.22150170      57.63670617      68.49049257
H      57.60734065      58.71196044      70.12888528
C      59.81076153      58.83668238      66.70281148
N      60.79341922      61.05711080      67.37177460
H      60.91625143      61.57867526      69.21236802
H      62.13134545      61.90181846      66.29085115
 %endblock positions_abs
