 %block lattice_cart
   139.252   0.000   0.000
   0.000 142.425   0.000
   0.000   0.000   162.84
 %endblock lattice_cart

 %block positions_abs
O      63.07904319      57.01215162      64.04774600
H      63.25856719      58.75825873      64.59576664
C      61.43876075      55.46446577      65.28362702
C      61.36128197      52.83774620      64.93780710
H      62.89573974      51.88343441      63.95703915
C      59.58682896      51.38265693      66.27951279
H      59.41864332      49.36064978      65.96959767
C      57.93331844      52.45791121      68.09365005
H      56.69932716      51.33730350      69.28984679
C      58.04481229      55.11486640      68.32797611
H      56.80326210      55.80461651      69.81141127
C      59.80981667      56.50570497      66.97304234
N      59.87784682      59.07384303      67.49460681
H      58.72700349      59.63887120      68.92135017
H      61.51812926      59.95634522      67.05241084
 %endblock positions_abs
