 %block lattice_cart
   139.252   0.000   0.000
   0.000 142.425   0.000
   0.000   0.000   162.84
 %endblock lattice_cart

 %block positions_abs
O      59.23628474      60.33523535      63.07170237
H      60.60255686      61.25931152      63.88617440
C      58.29898049      58.83101319      64.82914783
C      56.43571034      57.12648007      64.10349293
H      55.48517801      57.42883628      62.30636320
C      55.50407527      55.31234281      65.83070278
H      53.85245447      54.18039674      65.37338901
C      56.53775556      54.99297905      68.22309630
H      55.79698285      53.40371922      69.29835056
C      58.41425378      56.81278549      69.01300190
H      59.11534225      56.79010879      70.94241246
C      59.30242516      58.58534877      67.26689479
N      61.40191109      59.96106954      68.19475040
H      61.64946524      61.61458005      67.25933588
H      61.81198170      59.97618734      70.06557946
 %endblock positions_abs
