 %block lattice_cart
   139.252   0.000   0.000
   0.000 142.425   0.000
   0.000   0.000   162.84
 %endblock lattice_cart

 %block positions_abs
O      62.11244818      55.41249829      60.54608315
H      62.57921058      57.05089101      61.23961270
C      60.14524309      54.66227695      62.05975392
C      59.38746284      52.24342728      61.51929220
H      60.27941366      51.25887986      59.95459881
C      57.49962625      51.07746614      63.02729380
H      56.78719943      49.25388024      62.40557384
C      56.35634183      52.48342252      64.93591737
H      54.82188407      51.59903060      65.98282575
C      57.11601181      54.90416192      65.38378251
H      56.20516373      55.79800246      66.99382933
C      59.00195867      56.10224840      64.07231245
N      59.89579922      58.41905286      64.77718036
H      59.44226490      59.03321391      66.53651556
H      61.34332957      59.10880296      63.73027198
 %endblock positions_abs
