 %block lattice_cart
   139.252   0.000   0.000
   0.000 142.425   0.000
   0.000   0.000   162.84
 %endblock lattice_cart

 %block positions_abs
O      61.70615702      58.25370181      63.49783564
H      61.92536527      59.86374864      64.36522002
C      60.20004515      56.82884817      64.96426326
C      59.86367387      54.29283547      64.45781661
H      60.64035139      53.55584220      62.70415059
C      58.38401817      52.90199690      66.09809906
H      58.22528115      50.86865138      65.84298601
C      57.25207210      54.02638406      68.23348978
H      55.98973493      52.77916468      69.26905980
C      57.56009750      56.66633170      68.50372065
H      56.80231724      57.53938526      70.20258460
C      58.95660524      58.00992712      66.89934301
N      58.86022920      60.64042614      67.14122797
H      59.37423475      61.89520442      65.78629421
H      58.45771749      61.33395571      68.88166591
 %endblock positions_abs
