 %block lattice_cart
   139.252   0.000   0.000
   0.000 142.425   0.000
   0.000   0.000   162.84
 %endblock lattice_cart

 %block positions_abs
O      60.32476709      56.91577557      60.64340406
H      60.14335336      58.70723612      61.02701850
C      58.91503126      55.64776923      62.37250363
C      58.16292019      53.17978666      61.84904944
H      59.02841484      51.98925907      60.41663690
C      56.63413160      51.89666248      63.57436957
H      56.42248225      49.86898616      63.35327159
C      55.84989518      53.16844830      65.65306851
H      54.60645527      52.24626186      67.00422283
C      56.32799594      55.74414527      66.07636721
H      55.80643148      56.58885292      67.87727638
C      57.82276945      57.01593107      64.36805462
N      58.49173257      59.43856021      64.97843622
H      57.62434819      60.13586921      66.53935015
H      59.99595471      60.27570896      64.14128746
 %endblock positions_abs
