 %block lattice_cart
   139.252   0.000   0.000
   0.000 142.425   0.000
   0.000   0.000   162.84
 %endblock lattice_cart

 %block positions_abs
O      64.06548033      58.31795250      62.08526523
H      64.82137085      59.84107192      62.79202287
C      62.29102732      57.35608181      63.72176822
C      60.97388808      55.11108696      63.05280510
H      61.42175321      54.27015875      61.23110894
C      59.23156042      53.97725116      64.62694712
H      58.30181507      52.28783585      63.91829975
C      58.70054732      55.04494653      66.97587693
H      57.33427520      54.07929638      68.16640451
C      59.90808244      57.32206675      67.57303044
H      59.75312488      58.17811276      69.43441086
C      61.69576353      58.40865937      66.07825693
N      62.75401027      60.63475696      66.89461870
H      63.16597060      60.66310286      68.76733747
H      63.91808167      61.59284820      65.70976030
 %endblock positions_abs
