 %block lattice_cart
   139.252   0.000   0.000
   0.000 142.425   0.000
   0.000   0.000   162.84
 %endblock lattice_cart

 %block positions_abs
O      62.87589761      56.62003341      61.22355003
H      63.11211341      58.39637615      61.64117955
C      61.20348982      55.40493939      62.79958178
C      60.62712330      52.92939793      62.29502485
H      61.54364056      51.87682037      60.78702326
C      58.88101619      51.63115595      63.81247508
H      58.30087021      49.74520908      63.24555719
C      57.82843863      52.82357325      65.79290826
H      56.52830693      51.69729636      66.91729542
C      58.40858461      55.35958596      66.42596657
H      57.52041325      56.22508061      68.06435929
C      60.04886705      56.55389299      64.96898759
N      60.61767467      58.91605089      65.67385550
H      61.74773100      59.86091405      64.44931285
H      61.00506857      59.25431190      67.52011811
 %endblock positions_abs
