 %block lattice_cart
   139.252   0.000   0.000
   0.000 142.425   0.000
   0.000   0.000   162.84
 %endblock lattice_cart

 %block positions_abs
O      61.71560566      53.63804529      63.22193561
H      63.46360250      54.14071249      62.94981502
C      60.75562469      55.13092908      65.06063932
C      59.28919707      53.91583506      66.92013001
H      58.73550726      51.95996833      66.61399434
C      59.00384840      55.25754074      69.21803721
H      58.13835375      54.34858239      70.84509155
C      60.16791981      57.60647055      69.64700508
H      60.19437598      58.40582478      71.53862111
C      61.33955012      58.84235156      67.68168970
H      62.33543589      60.59601758      68.07853223
C      61.66647277      57.59891165      65.33842909
N      62.83432364      58.93494815      63.42602605
H      63.73950254      60.61302512      63.60177059
H      62.74361677      58.23763914      61.64401413
 %endblock positions_abs
