 %block lattice_cart
   139.252   0.000   0.000
   0.000 142.425   0.000
   0.000   0.000   162.84
 %endblock lattice_cart

 %block positions_abs
O      60.72349934      57.72741303      63.41846715
H      60.41736368      59.50942494      63.76050761
C      59.52352313      56.85813893      65.51984281
C      59.09833471      54.27488306      65.78818394
H      59.60289164      53.03333287      64.23104946
C      57.82276945      53.32624045      67.90278769
H      57.47883926      51.32313056      68.20514390
C      56.92703918      55.11014209      69.69613796
H      55.86879245      54.55456255      71.36665602
C      57.21049813      57.71229522      69.29551598
H      56.43382061      59.07100844      70.62399358
C      58.61456478      58.57967960      67.28295746
N      59.10589362      61.10057450      67.05996975
H      60.93136924      61.43694578      66.57808954
H      58.20449417      62.26275618      68.28640213
 %endblock positions_abs
