 %block lattice_cart
   139.252   0.000   0.000
   0.000 142.425   0.000
   0.000   0.000   162.84
 %endblock lattice_cart

 %block positions_abs
O      59.88918518      59.40643486      61.43425452
H      60.53736130      61.01270222      62.05786420
C      58.66275279      57.99480931      63.20870752
C      58.31315343      55.42667124      62.62478209
H      59.18242753      54.66133208      60.92969759
C      57.23789916      53.84497031      64.61844335
H      57.07538269      51.84186043      64.19892411
C      56.56326686      54.76526704      66.90312247
H      55.91887019      53.60875452      68.47348503
C      56.74657031      57.39198660      67.22059649
H      56.35350724      58.21590729      69.06307964
C      57.75568416      58.94345191      65.38945169
N      58.13929862      61.41899339      66.02251000
H      59.15030219      62.58495452      64.88678449
H      57.24356833      61.99724964      67.61365956
 %endblock positions_abs
