 %block lattice_cart
   139.252   0.000   0.000
   0.000 142.425   0.000
   0.000   0.000   162.84
 %endblock lattice_cart

 %block positions_abs
O      58.20354930      58.96896322      63.24839177
H      59.04636724      60.52042852      63.76428705
C      57.30026013      57.57623493      65.27228865
C      56.08138665      55.19517977      64.89812284
H      55.89430375      54.28433169      63.06697804
C      55.11951596      53.96874740      67.03351358
H      54.05937950      52.22264028      66.82375396
C      55.32360640      54.93250782      69.46937080
H      54.49590628      53.94418095      71.06996899
C      56.46878055      57.30789379      69.68857904
H      56.58783331      57.99197472      71.62176906
C      57.40041562      58.55889261      67.67035135
N      58.20921848      61.04199298      67.98215619
H      59.76635296      61.51253484      66.97304234
H      58.30181507      61.47851976      69.84731605
 %endblock positions_abs
