 %block lattice_cart
   139.252   0.000   0.000
   0.000 142.425   0.000
   0.000   0.000   162.84
 %endblock lattice_cart

 %block positions_abs
O      61.74489641      57.73213734      63.62444731
H      61.83938273      59.45556774      64.26695427
C      60.09894479      56.27704808      64.95859409
C      59.26935494      53.94323609      64.01373093
H      59.95343586      53.24214763      62.20715258
C      57.74623553      52.26326940      65.26095030
H      57.28325258      50.56818490      64.19514467
C      56.94499157      52.85475373      67.63255682
H      55.71666947      51.45068708      68.49238229
C      57.68009512      55.12053558      68.70970082
H      56.88829979      55.61942334      70.53895589
C      59.25612685      56.90254750      67.40767940
N      59.96288449      59.07195331      68.57741999
H      60.68853941      58.78471491      70.32541682
H      60.95121136      60.26059116      67.44547392
 %endblock positions_abs
