 %block lattice_cart
   139.252   0.000   0.000
   0.000 142.425   0.000
   0.000   0.000   162.84
 %endblock lattice_cart

 %block positions_abs
O      62.45826810      59.30816909      64.19797925
H      62.63023319      61.11096799      64.52679163
C      61.07498844      58.17622302      66.11983091
C      60.43059176      55.62887195      65.76267264
H      61.19404119      54.54416905      64.19231007
C      58.93959770      54.34952725      67.45397769
H      58.53519627      52.36153517      67.14217285
C      57.82843863      55.53060620      69.57236088
H      56.62468297      54.59141222      70.94619191
C      58.61078532      58.08551617      69.94085752
H      57.99851400      59.07762249      71.63027284
C      60.13012528      59.35541224      68.24766274
N      60.59310823      61.85174070      68.85615461
H      60.53830616      62.36385653      70.70241722
H      62.00851323      62.80605250      67.98688051
 %endblock positions_abs
