 %block lattice_cart
   139.252   0.000   0.000
   0.000 142.425   0.000
   0.000   0.000   162.84
 %endblock lattice_cart

 %block positions_abs
O      62.22299717      57.10758280      60.52246157
H      62.89762947      58.75731387      60.98355479
C      60.48822842      56.31578748      62.27612759
C      59.65296939      53.84591519      62.28368649
H      60.24256400      52.83680134      60.59238144
C      57.88985474      52.90483148      63.95987373
H      57.40986425      50.91305995      64.09593403
C      57.11128750      54.49220159      65.95731444
H      55.89430375      54.00087274      67.53901537
C      57.96355406      57.00742731      66.01022678
H      57.21711217      58.29055148      67.42752152
C      59.71910981      57.85969388      64.19419979
N      60.74901065      60.28799219      64.24144295
H      60.22366673      61.34623892      65.75133428
H      62.58771435      60.43539084      63.71798876
 %endblock positions_abs
