 %block lattice_cart
   139.252   0.000   0.000
   0.000 142.425   0.000
   0.000   0.000   162.84
 %endblock lattice_cart

 %block positions_abs
O      59.89107491      56.96585333      62.45848618
H      60.57137637      58.53621589      63.14256711
C      58.66086308      55.89626824      64.42002210
C      58.08827600      53.31868154      64.27829261
H      58.57015621      52.28311153      62.56998004
C      56.86562308      52.17728685      66.21526209
H      56.31949216      50.21197148      65.96959767
C      56.29681546      53.51521308      68.36766035
H      55.29715024      52.56468074      69.89077976
C      56.87318198      56.03043881      68.32986583
H      56.37051478      57.22474584      69.92479485
C      58.09394518      57.30978351      66.51194913
N      58.80826173      59.74375102      66.92390946
H      58.72700349      60.34846343      68.74182616
H      60.06681945      60.59601757      65.75794833
 %endblock positions_abs
