 %block lattice_cart
   139.252   0.000   0.000
   0.000 142.425   0.000
   0.000   0.000   162.84
 %endblock lattice_cart

 %block positions_abs
O      61.20726928      58.48897274      61.43614424
H      61.48694878      60.21618259      62.00495186
C      59.99973417      57.22285611      63.44681304
C      59.01896621      54.78888862      62.96304310
H      59.28541762      54.15583030      61.02796336
C      57.54120023      53.56434596      64.73938584
H      56.74562546      51.70296555      64.37655838
C      57.24451320      54.62259270      67.10154373
H      56.15225139      53.74009051      68.59820697
C      58.35945173      57.00175813      67.71570478
H      58.19504554      57.94473156      69.53551122
C      59.63312726      58.32078709      65.78062503
N      60.47216575      60.61302511      66.38344773
H      61.86678376      61.36702591      65.30630373
H      60.48539383      61.08356696      68.24293842
 %endblock positions_abs
