 %block lattice_cart
   139.252   0.000   0.000
   0.000 142.425   0.000
   0.000   0.000   162.84
 %endblock lattice_cart

 %block positions_abs
O      63.25951205      57.10758280      62.47265912
H      63.55997853      58.88203581      62.84871466
C      61.15435694      56.27988268      63.74633466
C      60.85200073      53.71174462      63.71420931
H      61.95938036      52.46074580      62.51801256
C      59.09833472      52.65160816      65.31102805
H      58.85267029      50.61448319      65.38094792
C      57.60356119      54.08591043      66.97776665
H      56.35067265      53.48686719      68.49332716
C      57.88135096      56.63326150      66.87194198
H      56.84767067      57.86536305      68.14750724
C      59.65958342      57.75575893      65.29779996
N      59.96949855      60.28232301      65.33370476
H      59.21738747      61.27064987      66.79257348
H      61.72883374      60.68294499      64.69497727
 %endblock positions_abs
