 %block lattice_cart
   139.252   0.000   0.000
   0.000 142.425   0.000
   0.000   0.000   162.84
 %endblock lattice_cart

 %block positions_abs
O      63.81131214      56.62192314      62.98666468
H      63.91902654      58.25842612      63.81814426
C      61.87623239      55.29722499      64.04113196
C      61.40191109      52.86514723      63.27201336
H      62.38267905      52.17350740      61.60149529
C      59.29297652      51.48186757      64.48710737
H      58.98873059      49.51088302      63.99199908
C      57.93237358      52.56846020      66.42218712
H      56.42815143      51.46108057      67.27634341
C      58.53330655      55.01187633      67.20831327
H      57.47694954      56.04744634      68.63127718
C      60.53641644      56.34224364      66.14061790
N      61.02585555      58.73652689      66.96453857
H      62.08977147      59.84390651      65.81936443
H      60.24350886      59.43572561      68.56702648
 %endblock positions_abs
