 %block lattice_cart
   139.252   0.000   0.000
   0.000 142.425   0.000
   0.000   0.000   162.84
 %endblock lattice_cart

 %block positions_abs
O      62.66519313      58.22157646      61.71487887
H      63.17919868      59.92988905      62.17408236
C      61.01735178      57.19167562      63.34760240
C      60.13107014      54.82384855      62.59738107
H      60.54303048      54.03961213      60.74355954
C      58.40763974      53.60875453      64.30380392
H      57.81615541      51.70957959      63.78412918
C      57.78403006      54.72369306      66.61304947
H      56.63507646      53.73725592      68.00199831
C      58.73078294      57.08963040      67.22532080
H      58.14874724      58.17811276      68.86749296
C      60.31059414      58.36897511      65.63984042
N      61.53324706      60.60641107      66.38439259
H      60.51846403      61.42655229      67.78845924
H      63.26234664      61.07695292      65.71353975
 %endblock positions_abs
