 %block lattice_cart
   139.252   0.000   0.000
   0.000 142.425   0.000
   0.000   0.000   162.84
 %endblock lattice_cart

 %block positions_abs
O      60.69609831      59.11730673      63.17847190
H      61.66552791      60.61396997      63.63011649
C      59.55659335      58.00047848      65.11355165
C      58.09772463      55.90666174      64.59387691
H      57.84450131      55.28683150      62.65501772
C      56.70499634      54.74070059      66.53084638
H      55.42376190      53.22136064      66.01306137
C      57.10183887      55.42289179      68.94591661
H      56.07571748      54.40243958      70.40100587
C      58.70054733      57.41277360      69.55440848
H      59.07660286      57.91355108      71.51027522
C      59.88918518      58.73558202      67.66468217
N      61.41797376      60.72546382      68.39033708
H      62.89951919      61.12041662      67.24327320
H      61.84505191      61.00703306      70.23470996
 %endblock positions_abs
