 %block lattice_cart
   139.252   0.000   0.000
   0.000 142.425   0.000
   0.000   0.000   162.84
 %endblock lattice_cart

 %block positions_abs
O      61.55970323      58.18283707      62.65879717
H      61.53702651      59.91382637      63.27862740
C      60.92097574      56.71829918      64.67513514
C      60.27846879      54.20307346      64.36710975
H      60.65263460      53.46419047      62.48872180
C      59.40730496      52.50043005      66.39100663
H      58.96321928      50.51621742      66.10376823
C      59.03313915      53.52655144      68.74560562
H      58.04670201      52.30578824      70.07219349
C      59.51690909      56.19106554      69.00638785
H      59.08038231      57.03766293      70.82430456
C      60.51279485      57.75197947      67.03540331
N      61.22900112      60.19161614      67.54940886
H      61.56726213      60.91538132      69.29173652
H      62.69164929      60.79443884      66.46848541
 %endblock positions_abs
