 %block lattice_cart
   139.252   0.000   0.000
   0.000 142.425   0.000
   0.000   0.000   162.84
 %endblock lattice_cart

 %block positions_abs
O      61.62206421      58.46346143      63.79168809
H      61.48978337      60.29838568      63.88239496
C      59.49045292      57.50159074      64.83103757
C      58.56070758      55.03549790      64.49466628
H      59.68131528      53.89032375      63.20776266
C      56.44421411      54.14165734      65.68897331
H      55.83950169      52.18768033      65.49811095
C      54.87196181      55.85752883      66.67541045
H      53.15798005      55.12431503      67.53712565
C      55.69210304      58.26126070      67.15918038
H      54.57527478      59.55383351      68.30057508
C      58.05048147      59.08518138      66.36171588
N      58.60039183      61.42277284      67.09870914
H      60.11784205      62.34684900      66.38250287
H      57.15475120      62.48101956      67.78279007
 %endblock positions_abs
