 %block lattice_cart
   139.252   0.000   0.000
   0.000 142.425   0.000
   0.000   0.000   162.84
 %endblock lattice_cart

 %block positions_abs
O      63.25100828      59.56611674      62.89217837
H      63.39651721      61.40104099      62.89028864
C      61.25923675      58.62125358      64.36994435
C      60.53169212      56.14382238      63.93908675
H      61.47088610      54.97975098      62.53124064
C      58.68165006      55.19517978      65.41118354
H      57.90497254      53.36214525      64.91040607
C      57.52135810      56.69373274      67.24043861
H      56.08327638      56.00776209      68.53301141
C      58.11095271      59.29588587      67.52578729
H      57.14341284      60.50153126      68.87694160
C      59.91942079      60.28232301      65.93841718
N      60.12918041      62.82400490      65.79101853
H      58.90841722      63.77075778      66.92296459
H      61.45954774      63.71973517      64.73844098
 %endblock positions_abs
