 %block lattice_cart
   139.252   0.000   0.000
   0.000 142.425   0.000
   0.000   0.000   162.84
 %endblock lattice_cart

 %block positions_abs
O      59.97233313      59.00486801      62.28557622
H      59.81548584      60.80388747      62.64840367
C      58.36039658      57.61591918      63.73688603
C      57.99001023      55.06100921      63.29846952
H      58.85361515      54.36747965      61.56936995
C      56.22689559      53.62670694      64.66852110
H      55.70911057      51.77099569      63.95231483
C      55.06849336      54.70574065      66.85871390
H      53.47356434      53.70607544      67.68263457
C      55.86028867      57.22474583      67.50500030
H      55.34061394      57.97685691      69.34559372
C      57.32671629      58.66471728      65.93463773
N      57.62340332      61.17238410      66.55635769
H      58.14307806      62.63881172      65.43952944
H      57.38340808      61.71095610      68.38372303
 %endblock positions_abs
