 %block lattice_cart
   139.252   0.000   0.000
   0.000 142.425   0.000
   0.000   0.000   162.84
 %endblock lattice_cart

 %block positions_abs
O      62.43464651      58.24708776      63.69247746
H      63.26990555      59.72296401      64.40868373
C      61.19687578      56.86380810      65.37811333
C      60.74523119      54.27677278      64.77151118
H      61.71844024      53.27899729      63.25973013
C      59.05203641      52.89349312      66.24171826
H      58.72322404      50.90172158      65.85621409
C      57.88229582      54.08591042      68.35443227
H      56.46878054      52.98797943      69.36165640
C      58.50023633      56.55578271      69.01772621
H      57.37018000      57.52710204      70.43313122
C      60.03469410      58.02976924      67.45492255
N      60.44665443      60.51286961      67.85743425
H      59.08794122      61.50119648      68.77584124
H      61.30459018      61.45206359      66.42313198
 %endblock positions_abs
