 %block lattice_cart
   139.252   0.000   0.000
   0.000 142.425   0.000
   0.000   0.000   162.84
 %endblock lattice_cart

 %block positions_abs
O      62.84660685      56.50287038      62.32620534
H      64.13162075      57.59135274      63.06508833
C      61.19309633      55.42005720      64.17057822
C      60.22744618      53.17128289      63.54696854
H      60.80570243      52.38137729      61.74039018
C      58.45110345      52.09035944      65.10032356
H      57.44009987      50.36314959      64.64112007
C      57.98623078      53.23553358      67.43980474
H      56.61617920      52.42673072      68.73804672
C      59.12195629      55.47107981      68.08987059
H      58.61739936      56.42539160      69.83786743
C      60.76034900      56.61625396      66.49683131
N      61.84883136      58.85557964      67.06374920
H      63.33982542      59.25620162      65.92991342
H      62.13795948      59.05967008      68.94780634
 %endblock positions_abs
