 %block lattice_cart
   139.252   0.000   0.000
   0.000 142.425   0.000
   0.000   0.000   162.84
 %endblock lattice_cart

 %block positions_abs
O      61.82143034      56.63704095      62.51045365
H      61.33955013      58.37936861      62.16463374
C      60.08099240      56.04366689      64.30191419
C      59.05676073      53.63237611      64.16585391
H      59.66147316      52.23964782      62.78257424
C      57.49206735      52.74798420      66.05935967
H      56.64169050      50.89605241      65.80046717
C      56.82499396      54.30133923      68.13049971
H      55.70249654      53.43584458      69.61582460
C      57.92103522      56.69562247      68.39506139
H      57.60356120      57.87103223      70.04668220
C      59.60856081      57.66694179      66.48076864
N      60.60444658      60.02343050      66.54312960
H      62.14079408      60.32578671      65.43952943
H      60.47216574      60.76231349      68.30624425
 %endblock positions_abs
