 %block lattice_cart
   139.252   0.000   0.000
   0.000 142.425   0.000
   0.000   0.000   162.84
 %endblock lattice_cart

 %block positions_abs
O      63.32565247      57.53466094      64.43230531
H      63.46171276      59.29588587      64.94820060
C      61.42458780      56.37814845      65.77779045
C      60.56854178      53.87993026      65.28079243
H      61.48505904      52.66294651      63.89940249
C      58.53897572      52.83680133      66.51856316
H      58.05709551      50.89794214      66.04613158
C      57.26718991      54.22386044      68.25522164
H      55.58344377      53.59458159      69.24921768
C      57.90024823      56.75609370      68.70686623
H      56.75885353      58.01087198      69.86337874
C      60.08288212      57.78410483      67.53712564
N      60.76507332      60.14626271      68.25522164
H      60.03752869      60.99474982      69.81235612
H      62.39968658      60.78121075      67.48232358
 %endblock positions_abs
