 %block lattice_cart
   139.252   0.000   0.000
   0.000 142.425   0.000
   0.000   0.000   162.84
 %endblock lattice_cart

 %block positions_abs
O      61.88190156      54.65755264      60.85883285
H      63.26896068      55.86508775      60.80781024
C      60.40980477      55.66099731      62.71454409
C      58.89991344      54.05850940      64.13939773
H      58.72227917      52.14043719      63.42697091
C      57.61867901      54.75959786      66.33336998
H      56.21083291      53.56151138      67.22721053
C      57.94560166      57.30127975      67.05902489
H      56.91003163      58.18945112      68.59537238
C      59.72572385      58.81306080      65.90251238
H      59.98461634      60.71790492      66.62438784
C      60.91058225      57.97969150      63.78790864
N      62.60377701      59.55005406      62.74288999
H      62.46582700      59.65965819      60.83426641
H      62.83432362      61.31127899      63.46287571
 %endblock positions_abs
