 %block lattice_cart
   139.252   0.000   0.000
   0.000 142.425   0.000
   0.000   0.000   162.84
 %endblock lattice_cart

 %block positions_abs
O      61.30742478      58.11953124      62.56053140
H      61.57198646      59.75792396      63.35799590
C      60.01107253      56.75514884      64.34254331
C      58.82054495      54.54038961      63.79263296
H      58.92825935      53.70135112      61.91802445
C      57.82843863      53.05506472      65.74849969
H      56.87412684      51.28250144      65.34031881
C      57.66403245      54.02827378      68.26183569
H      56.57366036      53.06829281      69.71314549
C      58.71660999      56.39610085      68.74560562
H      58.95093607      57.17466809      70.63155248
C      59.72761357      57.78693941      66.78029026
N      61.19971038      59.79949793      67.61365956
H      61.66836250      59.95445549      69.46370162
H      61.69103922      61.12230635      66.31730731
 %endblock positions_abs
