 %block lattice_cart
   139.252   0.000   0.000
   0.000 142.425   0.000
   0.000   0.000   162.84
 %endblock lattice_cart

 %block positions_abs
O      59.09550013      57.64143049      61.93030767
H      59.51690910      59.22880059      62.76367698
C      57.26246561      56.46602071      63.40618392
C      56.50090590      53.97347172      62.66919066
H      57.34183411      53.03049828      61.04969521
C      54.76046797      52.69223727      64.17908199
H      53.85528906      50.94990961      63.57059011
C      53.97623155      53.79583743      66.46187137
H      52.59673134      52.87176127      67.66940649
C      54.84550565      56.19767959      67.14406257
H      54.20488842      56.99325436      68.92796421
C      56.27602846      57.64709966      65.48110342
N      56.42342711      60.07539798      66.25400148
H      57.60828552      61.22057213      65.27701297
H      56.02280514      60.50058639      68.07947710
 %endblock positions_abs
