 %block lattice_cart
   139.252   0.000   0.000
   0.000 142.425   0.000
   0.000   0.000   162.84
 %endblock lattice_cart

 %block positions_abs
O      62.37889960      56.01437612      61.27740723
H      62.77952157      57.76426269      61.68747784
C      60.65924864      55.33407465      63.08587531
C      58.92259016      53.34986203      62.46982453
H      58.98873058      52.55050780      60.58009822
C      57.17648305      52.66200165      64.28396179
H      55.58911295      51.39021584      64.00050285
C      57.02530494      53.91111073      66.52895665
H      55.74596023      53.24781680      67.99349455
C      58.76763260      55.76304253      67.19036086
H      58.63535176      56.76270775      68.98182141
C      60.62523357      56.60397074      65.45370238
N      62.11244818      58.52204294      66.29841004
H      63.27462986      59.51792871      65.14378727
H      62.36189205      58.53527103      68.19947471
 %endblock positions_abs
