 %block lattice_cart
   139.252   0.000   0.000
   0.000 142.425   0.000
   0.000   0.000   162.84
 %endblock lattice_cart

 %block positions_abs
O      60.01296224      58.63826112      64.87639100
H      61.65891386      59.22218654      65.46031643
C      58.82243466      57.53466096      66.88705979
C      57.44671391      55.42572639      66.37305424
H      57.12168098      54.83991122      64.43041559
C      56.32043703      54.00465220      68.31569289
H      55.53053144      52.14894096      67.92262982
C      56.60011652      54.79455780      70.77800627
H      56.17681784      53.65505282      72.43718598
C      57.90591740      57.12270061      71.28256319
H      58.14969210      57.56489658      73.27433473
C      59.08699635      58.35669189      69.27945331
N      60.40035614      60.62436347      69.49677184
H      60.39657668      61.56355745      71.16728990
H      61.70048784      61.07978752      68.16640451
 %endblock positions_abs
