 %block lattice_cart
   139.252   0.000   0.000
   0.000 142.425   0.000
   0.000   0.000   162.84
 %endblock lattice_cart

 %block positions_abs
O      64.27146049      57.52993663      62.45470673
H      64.46610230      59.36108143      62.44147864
C      62.57826572      56.58129402      64.21404192
C      61.36884087      54.25882038      63.49027675
H      61.90363342      53.30261887      61.75172854
C      59.10305903      53.70513057      64.70348104
H      58.02969449      52.14988582      63.89656790
C      58.26213082      55.06762324      66.76706217
H      56.50657508      54.52905125      67.68924861
C      59.54525498      57.17844754      67.68735889
H      59.08416176      57.90032299      69.55440848
C      61.76379367      57.89843326      66.42124226
N      63.14329388      59.91099178      67.26217047
H      64.56247834      60.44011515      66.08865043
H      63.67430699      59.79193903      69.09898444
 %endblock positions_abs
