 %block lattice_cart
   139.252   0.000   0.000
   0.000 142.425   0.000
   0.000   0.000   162.84
 %endblock lattice_cart

 %block positions_abs
O      62.68125580      57.22380096      62.57470435
H      63.07809833      58.65999297      63.65373808
C      61.04286310      55.85941856      63.97688127
C      60.36445134      53.41222298      63.34193323
H      61.22049736      52.66200165      61.62984119
C      58.94337716      51.84375015      64.84804510
H      58.55031408      49.92567795      64.23199433
C      58.09677977      52.81317974      67.17240847
H      56.91003164      51.58863709      68.31569289
C      58.62212368      55.30194930      67.86215857
H      58.07788250      56.08240627      69.68385473
C      60.16791980      56.72680295      66.31825217
N      60.88223635      58.93967245      67.28579204
H      60.31531846      59.46123692      69.04134778
H      62.34488452      59.96390412      66.59226249
 %endblock positions_abs
