 %block lattice_cart
   139.252   0.000   0.000
   0.000 142.425   0.000
   0.000   0.000   162.84
 %endblock lattice_cart

 %block positions_abs
O      62.01985160      58.88770499      63.55547230
H      62.53007770      60.53743606      64.19419980
C      59.95627047      58.11669665      64.96331841
C      58.92825935      55.69028807      64.55702725
H      59.69548823      54.30700841      63.24744692
C      56.91192137      54.80589615      66.04613158
H      56.11256714      52.99364862      65.51700822
C      55.98028630      56.09846895      68.02467503
H      54.38535729      55.41816748      69.12449575
C      56.84578095      58.65337893      68.22687575
H      56.05398563      59.63414688      69.85015065
C      58.79597851      59.60202153      66.78501457
N      59.67092179      61.99252532      67.61649415
H      60.08855131      62.15126233      69.47976430
H      61.26585080      62.60479665      66.74722005
 %endblock positions_abs
