 %block lattice_cart
   139.252   0.000   0.000
   0.000 142.425   0.000
   0.000   0.000   162.84
 %endblock lattice_cart

 %block positions_abs
O      60.79530893      53.77882990      62.50194989
H      61.81009197      54.77660540      61.33409903
C      60.34933353      55.17533765      64.71481940
C      58.92825934      54.09441420      66.53651555
H      58.48984283      52.10075294      66.31352786
C      58.31409829      55.37564864      68.73993644
H      57.16514469      54.36464506      70.10998801
C      59.40447037      57.68489419      69.25772145
H      58.95093605      58.79605326      70.92446005
C      60.99750965      58.71857448      67.48137871
H      61.91591664      60.51570421      67.85365480
C      61.42080834      57.57151061      65.11922082
N      62.64724072      59.00014371      63.34665754
H      61.47183095      59.50281090      61.91802445
H      63.44659495      60.55727819      64.12711452
 %endblock positions_abs
