 %block lattice_cart
   139.252   0.000   0.000
   0.000 142.425   0.000
   0.000   0.000   162.84
 %endblock lattice_cart

 %block positions_abs
O      60.47405547      57.54788903      61.69503674
H      60.41925341      59.38470301      61.58732234
C      59.32699160      56.82034440      63.90979599
C      57.69615779      54.77377080      63.68491855
H      57.32010225      54.24653716      61.73472099
C      56.69082339      53.77788504      65.88267025
H      55.50029581      52.10736698      65.83542710
C      57.22372621      54.79455779      68.24860761
H      56.56043228      53.89315834      69.97014827
C      58.73172781      56.91672044      68.36388091
H      59.39691147      57.69150823      70.14400310
C      59.64635535      58.06756377      66.27195388
N      61.30175560      60.10657846      66.73115738
H      62.20126532      60.22374149      68.41868297
H      61.89323993      61.14214848      65.22882495
 %endblock positions_abs
