 %block lattice_cart
   139.252   0.000   0.000
   0.000 142.425   0.000
   0.000   0.000   162.84
 %endblock lattice_cart

 %block positions_abs
O      59.24006419      58.27543366      62.43580946
H      59.81265125      59.94028255      62.97060201
C      57.85489479      57.08112662      64.28585152
C      56.76263298      54.73597627      63.76995624
H      57.16892414      53.75331859      62.01251077
C      55.29431564      53.61914803      65.60299076
H      54.54976347      51.71430390      65.42346676
C      54.82377380      54.88904410      67.88389042
H      53.59734141      53.96118848      69.24827282
C      55.87824107      57.18128212      68.46214668
H      55.57021569      58.03354869      70.30462983
C      57.47317008      58.24897750      66.68391422
N      58.62779286      60.54121550      67.09209510
H      59.27596898      61.66938212      65.68424900
H      58.45015858      61.10435394      68.91379126
 %endblock positions_abs
