 %block lattice_cart
   139.252   0.000   0.000
   0.000 142.425   0.000
   0.000   0.000   162.84
 %endblock lattice_cart

 %block positions_abs
O      61.42364293      59.08801597      63.06319860
H      62.20032045      60.43161138      64.05341518
C      59.53013718      58.08268158      64.39923510
C      58.53614113      55.77343603      63.80397131
H      59.24667822      54.78321943      62.15046079
C      56.78814429      54.58668790      65.40645922
H      56.21177777      52.64593897      65.06630849
C      56.09272501      55.77532575      67.66657189
H      54.75101932      54.84180095      68.91001181
C      56.99412446      58.26220557      68.20325417
H      56.80137237      59.03321391      70.09864966
C      58.77802610      59.36580574      66.61021489
N      59.86461874      61.30466494      67.57208558
H      60.22744618      61.12514094      69.44669408
H      61.38395868      61.66749239      66.46281623
 %endblock positions_abs
