 %block lattice_cart
   139.252   0.000   0.000
   0.000 142.425   0.000
   0.000   0.000   162.84
 %endblock lattice_cart

 %block positions_abs
O      62.22866635      57.94378670      61.85377375
H      63.02613085      59.43667048      62.58131838
C      61.00979288      56.77593583      63.77184596
C      59.93642833      54.44401356      63.44114387
H      60.09516534      53.84686004      61.48149767
C      58.76479802      53.07018254      65.34787771
H      57.95788488      51.25415555      64.82820297
C      58.91030694      54.07929638      67.77050684
H      58.01646640      53.12309486      69.35598721
C      59.99689957      56.39232139      68.14656238
H      59.95532559      57.16332972      70.04762705
C      61.16286071      57.75670378      66.23982853
N      62.17764374      60.05839043      66.87666630
H      63.17541923      61.02593031      65.55196815
H      62.92597536      60.11697195      68.63600150
 %endblock positions_abs
