 %block lattice_cart
   139.252   0.000   0.000
   0.000 142.425   0.000
   0.000   0.000   162.84
 %endblock lattice_cart

 %block positions_abs
O      61.60600153      59.61997393      63.26634418
H      62.42992220      60.93900290      64.24900186
C      59.82021016      58.36897512      64.45876148
C      58.47094558      56.42255701      63.18697567
H      58.93203880      55.90288228      61.25378565
C      56.94593644      54.90321706      64.66285192
H      56.06154453      53.26860380      63.78790864
C      56.47917404      55.42100207      67.21965162
H      55.26785947      54.21913613      68.36482577
C      57.46183172      57.55639280      68.33836960
H      57.30687417      57.83418257      70.36604593
C      59.31376351      58.92077520      67.03445844
N      60.36067189      60.88987002      68.28167781
H      61.92536528      61.49269271      67.35760164
H      60.69893290      60.63664669      70.15061713
 %endblock positions_abs
