 %block lattice_cart
   139.252   0.000   0.000
   0.000 142.425   0.000
   0.000   0.000   162.84
 %endblock lattice_cart

 %block positions_abs
O      62.30047594      58.39354155      64.08837512
H      63.51745969      59.33462526      65.10126843
C      60.76979763      57.11041739      65.58881781
C      59.30337001      55.22447054      64.56836560
H      59.37706934      55.01093145      62.52368173
C      57.71788964      53.71835865      66.05746995
H      56.67098126      52.14988582      65.24110817
C      57.27191423      54.44023412      68.51033469
H      55.92264964      53.41033327      69.66684720
C      58.59661237      56.47735908      69.54779444
H      58.31315342      57.09152013      71.48854336
C      60.46555169      57.77938050      68.18341204
N      61.96032521      59.50092118      69.40228552
H      62.33449102      59.35163280      71.27500430
H      63.38517885      60.27570896      68.38183331
 %endblock positions_abs
