 %block lattice_cart
   139.252   0.000   0.000
   0.000 142.425   0.000
   0.000   0.000   162.84
 %endblock lattice_cart

 %block positions_abs
O      62.28063382      57.41844278      61.00623151
H      62.94203803      58.91510602      61.84715971
C      60.64035138      56.26382001      62.78257424
C      59.31187378      54.14543681      62.02101454
H      59.58210464      53.55206275      60.07270671
C      57.80387218      52.83018729      63.65373807
H      56.77208162      51.11620553      63.19075512
C      57.65836326      53.65410797      66.18975078
H      56.44326924      52.72058317      67.55980236
C      58.65235930      55.97658161      66.94564131
H      58.21205307      56.64743445      68.83536762
C      60.15847117      57.30127975      65.22221091
N      60.99939938      59.52926707      66.21053777
H      62.21638312      60.57806518      65.16362939
H      60.96727403      59.51225954      68.12672025
 %endblock positions_abs
