 %block lattice_cart
   139.252   0.000   0.000
   0.000 142.425   0.000
   0.000   0.000   162.84
 %endblock lattice_cart

 %block positions_abs
O      62.79085992      57.06978828      63.46004113
H      62.60566675      58.88770499      63.68302883
C      60.75751442      56.05311552      64.58631801
C      60.12634583      53.50954391      64.10821725
H      61.27340969      52.48342252      62.74383485
C      58.24228869      52.44373827      65.56708596
H      57.86434343      50.42740028      65.47637910
C      56.87034739      53.98386521      67.13744853
H      55.29053619      53.32057127      68.27128432
C      57.55442832      56.38003817      67.50972461
H      56.24862744      57.27198900      68.81741522
C      59.56320738      57.47607943      66.40801417
N      60.20004515      59.95729008      66.88422520
H      61.98772624      60.60546620      66.66123750
H      59.10400388      60.82845391      68.19002609
 %endblock positions_abs
