 %block lattice_cart
   139.252   0.000   0.000
   0.000 142.425   0.000
   0.000   0.000   162.84
 %endblock lattice_cart

 %block positions_abs
O      61.92064097      58.21590729      63.35610618
H      62.44787461      59.73524724      64.24994673
C      60.33705031      56.76459748      64.81686462
C      60.24256399      54.23992313      64.22160084
H      61.08727166      53.64087989      62.44903754
C      58.72511377      52.64688383      65.66157229
H      58.47189044      50.70235546      65.04363177
C      57.37773891      53.63521070      67.82341919
H      56.17398325      52.47302901      69.01583648
C      57.63096223      56.14476724      68.33742473
H      56.65019428      56.97057764      69.94369210
C      59.14085355      57.75859352      66.89745328
N      59.39596660      60.21523772      67.51728352
H      57.99945887      60.90687755      68.63411177
H      60.35783731      61.27915364      66.24360798
 %endblock positions_abs
