 %block lattice_cart
   139.252   0.000   0.000
   0.000 142.425   0.000
   0.000   0.000   162.84
 %endblock lattice_cart

 %block positions_abs
O      60.69609831      57.35891640      62.36966904
H      61.14585318      59.03699337      62.98005063
C      59.27880358      56.12681484      64.06097408
C      58.64385554      53.52466172      63.71326445
H      59.45454813      52.44940743      62.16368888
C      57.40608480      52.14516151      65.65023392
H      57.16042038      50.10614682      65.56897568
C      56.38185314      53.58891241      67.65145408
H      55.33305504      52.44184853      68.99315977
C      56.79003403      56.14193265      68.00483291
H      56.01524624      57.07734717      69.66212289
C      58.34716851      57.41371847      66.19825454
N      59.06526451      59.88359076      66.80863614
H      60.28602770      60.79632857      65.64456474
H      58.36795550      60.61302511      68.43946996
 %endblock positions_abs
