 %block lattice_cart
   139.252   0.000   0.000
   0.000 142.425   0.000
   0.000   0.000   162.84
 %endblock lattice_cart

 %block positions_abs
O      63.02896544      58.42377718      63.07359209
H      63.45415386      60.19823019      63.30413870
C      61.39246245      57.47891402      64.99544375
C      60.32854654      55.16210956      64.64017520
H      60.56098288      53.96213335      62.99044413
C      58.63724149      54.31173272      66.57336522
H      57.76418793      52.45980094      66.39384122
C      58.25173732      55.66855622      68.78623474
H      57.02530494      54.85030472      70.21675755
C      59.45927244      58.01748602      69.10181903
H      59.16447513      58.99447453      70.88572067
C      61.09388570      58.79038408      67.22721053
N      62.51873934      60.89931865      67.65050922
H      63.75651007      61.34718379      66.26156038
H      61.71749538      62.39220244      68.55001895
 %endblock positions_abs
