 %block lattice_cart
   139.252   0.000   0.000
   0.000 142.425   0.000
   0.000   0.000   162.84
 %endblock lattice_cart

 %block positions_abs
O      62.10583413      55.89437850      63.58854251
H      62.71054655      57.33434996      64.55797211
C      60.45988252      54.70385093      65.15701535
C      59.88918517      52.09602862      64.70915022
H      60.62995788      51.13604765      63.04997051
C      58.19788012      50.84314008      66.22093127
H      57.41742315      49.04601034      65.60299076
C      56.99223473      51.97508613      68.30151994
H      56.25713120      50.80534555      69.82085989
C      57.86528829      54.37125909      69.00260840
H      57.10561831      55.36903459      70.62966275
C      59.40163578      55.72430313      67.37366432
N      60.09894479      58.12992473      68.10309867
H      60.01012765      58.50220082      69.98148663
H      61.27624428      59.04455228      66.90123274
 %endblock positions_abs
