 %block lattice_cart
   139.252   0.000   0.000
   0.000 142.425   0.000
   0.000   0.000   162.84
 %endblock lattice_cart

 %block positions_abs
O      62.85133117      56.52460224      63.90601653
H      63.63556759      58.00425793      64.67135570
C      60.73105825      55.78193979      65.18725098
C      59.56320739      53.56340110      64.35010221
H      60.38523833      52.39932969      62.87233624
C      57.49017762      52.57129478      65.61621885
H      56.55287337      50.86487193      64.95859409
C      56.64924941      53.88087513      67.76294793
H      55.13179918      53.21380173      68.97804196
C      57.90780714      56.01437612      68.68513438
H      56.94782617      56.94979066      70.24415859
C      59.92414511      56.98191601      67.38878213
N      61.11845214      58.86030395      68.70403165
H      62.89668460      59.21746223      68.07853224
H      60.98050212      59.17399853      70.58997851
 %endblock positions_abs
