 %block lattice_cart
   139.252   0.000   0.000
   0.000 142.425   0.000
   0.000   0.000   162.84
 %endblock lattice_cart

 %block positions_abs
O      62.79463938      56.68239438      59.64562856
H      63.03274490      58.45495766      60.08215534
C      61.33955013      55.56745586      61.41819184
C      60.40413559      53.18262125      60.81725887
H      61.01829664      52.35681085      59.03902641
C      58.64857986      52.02610875      62.34604746
H      57.69237834      50.31779616      61.72243778
C      57.96638866      53.17884180      64.58537314
H      56.26752469      52.36625948      65.41118354
C      58.82054495      55.48808735      65.22221091
H      58.17614828      56.40271489      66.94564131
C      60.54586508      56.72963754      63.64995862
N      61.54742002      58.98975021      64.38695188
H      63.03652435      59.82122979      63.51389832
H      61.43403644      59.44517425      66.24455284
 %endblock positions_abs
