 %block lattice_cart
   139.252   0.000   0.000
   0.000 142.425   0.000
   0.000   0.000   162.84
 %endblock lattice_cart

 %block positions_abs
O      60.03847356      58.73369229      61.58637749
H      60.03658383      60.46090215      62.22888443
C      59.29959057      57.50159073      63.71231959
C      58.56826648      54.99392391      63.43452982
H      58.46244181      53.97158199      61.65818708
C      57.45710741      53.51615795      65.37905820
H      56.69365798      51.61887273      65.18819584
C      56.99412447      54.74448005      67.59192771
H      56.05682021      53.76938126      69.13961356
C      57.70277183      57.20868316      68.08136682
H      57.46844577      58.06850862      69.93329861
C      58.76101857      58.54094020      66.08014666
N      58.81204118      61.07884264      66.42974603
H      59.21644261      61.55127423      68.24199356
H      59.77769133      62.20889899      65.22221091
 %endblock positions_abs
