 %block lattice_cart
   139.252   0.000   0.000
   0.000 142.425   0.000
   0.000   0.000   162.84
 %endblock lattice_cart

 %block positions_abs
O      59.70493686      55.04589139      63.45153735
H      60.79908840      56.46129640      63.01690030
C      58.72605863      55.39549076      65.71353975
C      57.27096937      53.44151376      66.57903440
H      56.87790630      51.72942172      65.51700821
C      56.05776508      53.70040627      68.92607448
H      55.19982933      51.96941695      69.62905267
C      56.45838706      55.87737098      70.35470757
H      55.66092255      56.15705047      72.22742635
C      58.08166196      57.89937812      69.48921292
H      58.42370242      59.51887359      70.70430694
C      59.15502651      57.67072125      67.03256872
N      60.67625619      59.60391127      66.16707406
H      61.11845214      59.51509413      64.30569365
H      60.26051640      61.39537181      66.70375634
 %endblock positions_abs
