 %block lattice_cart
   139.252   0.000   0.000
   0.000 142.425   0.000
   0.000   0.000   162.84
 %endblock lattice_cart

 %block positions_abs
O      59.22872583      59.50659036      62.65785230
H      60.29642119      60.95034126      63.05847428
C      58.15914073      58.45401280      64.74599989
C      56.98373097      56.10319327      64.46443066
H      57.02908440      55.24903697      62.59738107
C      55.72139379      55.07140270      66.56958578
H      54.80298680      53.23647845      66.48265836
C      55.59667185      56.51893305      68.77489637
H      54.77275118      55.63643087      70.43596580
C      56.92514945      58.68455941      69.13772384
H      56.99506932      59.56706160      70.99154534
C      58.14213320      59.77871095      67.06847351
N      59.17770322      62.02370580      67.47854412
H      59.77107728      63.02715047      65.95731444
H      58.56165244      63.23313064      68.82969844
 %endblock positions_abs
