 %block lattice_cart
   139.252   0.000   0.000
   0.000 142.425   0.000
   0.000   0.000   162.84
 %endblock lattice_cart

 %block positions_abs
O      63.59115902      57.28805166      63.76050761
H      63.83682343      59.00392316      64.38411730
C      61.84505190      56.12398025      65.31008318
C      61.39718677      53.55773192      64.97749135
H      62.47055131      52.45602149      63.61688840
C      59.38840769      52.38421188      66.17179839
H      59.10872820      50.37543282      65.84298601
C      57.83694239      53.81284497      67.72704314
H      56.17209352      53.02293937      68.63411177
C      58.27157945      56.42255702      68.09176032
H      56.93365321      57.43922978      69.27661871
C      60.19154137      57.63576131      66.76328272
N      60.44665443      60.14531786      66.92579919
H      62.10772386      60.98246660      66.46659569
H      58.87062269      61.13931390      67.36610541
 %endblock positions_abs
