 %block lattice_cart
   139.252   0.000   0.000
   0.000 142.425   0.000
   0.000   0.000   162.84
 %endblock lattice_cart

 %block positions_abs
O      61.82804437      56.14004293      63.18697567
H      62.56881708      57.73308221      63.73121685
C      60.02524547      55.24809211      64.72143344
C      59.29203166      52.76877119      64.29813475
H      60.23311536      51.56501552      62.92619344
C      57.68765403      51.58958197      65.87983567
H      57.22278135      49.60158989      65.66629660
C      56.50468534      52.94451573      67.69775238
H      54.89652825      52.01666011      68.57458539
C      57.15853065      55.40493939      68.29679562
H      56.20610859      56.51042929      69.73865680
C      59.09361039      56.55956217      66.84548582
N      59.69832281      58.92549951      67.52767701
H      60.97577780      59.80233252      66.39951041
H      59.40352551      59.33934958      69.37582935
 %endblock positions_abs
