 %block lattice_cart
   139.252   0.000   0.000
   0.000 142.425   0.000
   0.000   0.000   162.84
 %endblock lattice_cart

 %block positions_abs
O      60.74806579      58.74408578      61.90290664
H      61.57387619      60.01587159      62.94603557
C      59.48950807      57.24553282      63.61499868
C      57.78686466      55.34446816      62.86666706
H      57.64513519      55.13848798      60.82765237
C      56.25618634      54.14449194      64.66379679
H      54.75952310      52.86514723      64.08176108
C      56.52641721      54.67928448      67.26783965
H      55.46439102      53.64938365      68.68891383
C      58.20071472      56.51042929      67.96892811
H      58.30653939      57.00364785      69.95880992
C      59.63501699      57.77087674      66.17557784
N      60.89168499      59.82311952      66.97115262
H      62.29764137      60.48263400      65.85054491
H      61.34143985      60.04988667      68.82119468
 %endblock positions_abs
