 %block lattice_cart
   139.252   0.000   0.000
   0.000 142.425   0.000
   0.000   0.000   162.84
 %endblock lattice_cart

 %block positions_abs
O      62.29858623      57.80300209      62.14762620
H      62.80125342      59.46785096      62.75233861
C      60.81515107      56.74286562      63.83326206
C      59.58871869      54.55834201      63.11894553
H      60.04414274      53.94040150      61.21410141
C      57.97867188      53.15616508      64.73844098
H      56.96955802      51.49320592      64.08081621
C      57.51379920      54.20307345      67.02312009
H      55.96989281      53.34891717      68.07569764
C      58.42653701      56.65971767      67.59003799
H      57.93898762      57.49308697      69.40228551
C      60.45232361      57.83134797      66.19353023
N      61.55214433      59.95729008      67.05902488
H      62.89196029      60.93238885      66.09904392
H      61.70521216      60.20862367      68.95253066
 %endblock positions_abs
