 %block lattice_cart
   139.252   0.000   0.000
   0.000 142.425   0.000
   0.000   0.000   162.84
 %endblock lattice_cart

 %block positions_abs
O      65.09443631      58.13748364      64.27451316
H      65.13601028      59.97051817      64.42758100
C      62.99872982      57.11325197      65.40079005
C      62.05764612      54.66227695      64.97749135
H      62.91180242      53.32435072      63.67358020
C      59.98461635      53.91583505      66.33431485
H      59.38746285      51.95051969      66.26439497
C      58.76196343      55.32557088      68.15034183
H      57.41269885      54.41472280      69.40134065
C      59.58021492      57.82756852      68.24293842
H      58.56354217      59.03888309      69.55440848
C      61.68159059      58.69306317      67.02595468
N      62.87022844      60.81900527      67.82152945
H      64.74672667      61.04766216      67.51728352
H      62.06331531      61.57867526      69.38622284
 %endblock positions_abs
