 %block lattice_cart
   139.252   0.000   0.000
   0.000 142.425   0.000
   0.000   0.000   162.84
 %endblock lattice_cart

 %block positions_abs
O      61.68631490      58.99825398      61.82542786
H      62.26646087      60.51759394      62.68525333
C      60.00067902      57.98536068      63.52240209
C      59.01613161      55.58540825      63.20303834
H      59.49801182      54.31362246      61.66480113
C      56.93932240      54.81062048      64.79796735
H      56.01902569      53.00215239      64.47293443
C      56.11540172      56.40554948      66.61210461
H      54.34850762      55.81784459      67.47948899
C      57.13963339      58.84518614      66.93335809
H      56.13807844      60.02626509      68.28262267
C      59.05770560      59.72012943      65.43102567
N      59.77580159      62.24858323      65.37055443
H      59.62273376      63.17265940      67.04107249
H      61.33860525      62.77392716      64.38978647
 %endblock positions_abs
