 %block lattice_cart
   139.252   0.000   0.000
   0.000 142.425   0.000
   0.000   0.000   162.84
 %endblock lattice_cart

 %block positions_abs
O      62.39968658      57.35986126      63.20870752
H      63.23683533      58.82061970      63.95136996
C      60.76129386      56.24681246      64.82064406
C      59.54053067      54.03961213      64.15735014
H      59.87690195      53.34230312      62.25628546
C      57.83221808      52.95112977      65.86188326
H      56.58121926      51.41478228      65.31764208
C      57.61867901      53.86764704      68.29207130
H      56.45082814      52.95490923      69.71503522
C      58.92636961      56.07673710      68.98371113
H      59.00951757      56.68522897      70.94335732
C      60.41358422      57.29183112      67.16768415
N      61.66080359      59.43856021      67.96514865
H      61.18081311      60.22846581      69.64322562
H      63.53541209      59.68044518      67.64956437
 %endblock positions_abs
