 %block lattice_cart
   139.252   0.000   0.000
   0.000 142.425   0.000
   0.000   0.000   162.84
 %endblock lattice_cart

 %block positions_abs
O      61.77607690      59.08518139      63.35421645
H      61.94993172      60.90309810      63.57909388
C      60.15469172      58.04394219      65.08142630
C      59.30242516      55.53060619      64.79796735
H      59.55186903      54.46102110      63.06508832
C      57.90024823      54.26826902      66.56864091
H      56.79097889      52.62042767      66.04140727
C      57.04987139      55.68556375      68.71348027
H      55.91036642      54.81439992      70.18368734
C      57.91347632      58.16110522      69.01205703
H      57.34277897      59.20234442      70.69013400
C      59.51218478      59.37997869      67.21303758
N      60.24917804      61.84796126      67.61365956
H      61.70237757      62.33740037      66.46092651
H      59.94304238      62.73424290      69.28417762
 %endblock positions_abs
