 %block lattice_cart
   139.252   0.000   0.000
   0.000 142.425   0.000
   0.000   0.000   162.84
 %endblock lattice_cart

 %block positions_abs
O      61.19309633      55.95484975      60.45726602
H      61.86772863      57.42694654      61.33409903
C      59.73233789      54.81156533      62.26951354
C      59.06148505      52.29444989      61.84810458
H      59.53769608      51.42706551      60.04719540
C      57.72544855      50.90172159      63.69625691
H      57.21333272      48.94774458      63.30886302
C      57.18309710      51.96941695      66.00361274
H      56.33838943      50.91683939      67.55129859
C      57.79914787      54.51487830      66.36455047
H      57.38340808      55.33690925      68.19947472
C      59.05014669      55.87170179      64.53529539
N      59.63974130      58.28488230      65.19480988
H      60.76034901      59.24297354      63.96837750
H      59.25045768      58.98786048      66.93335809
 %endblock positions_abs
