 %block lattice_cart
   139.252   0.000   0.000
   0.000 142.425   0.000
   0.000   0.000   162.84
 %endblock lattice_cart

 %block positions_abs
O      60.41641881      56.77971529      61.55236240
H      61.07404357      58.36330594      62.22321525
C      58.79314391      55.75359390      63.08870991
C      57.89741363      53.27994216      62.49344611
H      58.60795073      52.31051256      60.83048695
C      56.34972778      51.85319879      64.10349293
H      55.67698522      49.99748755      63.54035450
C      55.82060442      52.91333525      66.45809191
H      54.75101932      51.74359467      67.76011334
C      56.59350248      55.35675138      67.08926050
H      56.41019903      55.90855146      69.05835532
C      58.19032121      56.74570022      65.43574999
N      59.36762071      58.81306080      66.26722957
H      59.15786108      59.11730674      68.14561751
H      60.98522643      59.37053006      65.40551437
 %endblock positions_abs
