 %block lattice_cart
   139.252   0.000   0.000
   0.000 142.425   0.000
   0.000   0.000   162.84
 %endblock lattice_cart

 %block positions_abs
O      63.01006818      58.96896322      62.46698994
H      63.83776830      60.40137576      63.27390307
C      61.57009672      57.58001438      64.10916212
C      60.29075202      55.39549076      63.05658456
H      60.47594520      54.81912423      61.09504864
C      58.73361754      53.99142412      64.54757861
H      57.56576666      52.54956293      63.67074561
C      58.26874486      54.64715914      66.96453856
H      56.91192136      53.58324322      68.07758736
C      59.50462587      56.70885055      68.05302092
H      59.35722722      57.17183350      70.04857191
C      61.20537954      58.21307270      66.63005701
N      62.52629825      60.12169627      67.70342155
H      63.81320187      61.19128137      66.77178648
H      63.04975244      59.75319965      69.50811018
 %endblock positions_abs
