 %block lattice_cart
   139.252   0.000   0.000
   0.000 142.425   0.000
   0.000   0.000   162.84
 %endblock lattice_cart

 %block positions_abs
O      64.16185637      58.67511077      62.62478209
H      64.63995712      60.38720281      63.09910339
C      62.50078694      57.55261334      64.19703438
C      61.71088134      55.15455065      63.74916925
H      62.36094719      54.18134161      62.05786420
C      60.31059414      53.79016825      65.55385788
H      59.85705983      51.79272755      65.40079004
C      59.41486387      55.11108696      67.54184996
H      58.16575478      54.29661492      68.95347552
C      59.97611258      57.61875376      67.92924385
H      59.42053305      58.60897035      69.63944616
C      61.78836012      58.83573752      66.33053539
N      62.18520264      61.35474269      66.68202448
H      62.85416576      62.55471889      65.34409825
H      61.69009435      61.98780100      68.42435215
 %endblock positions_abs
