 %block lattice_cart
   139.252   0.000   0.000
   0.000 142.425   0.000
   0.000   0.000   162.84
 %endblock lattice_cart

 %block positions_abs
O      60.62806817      57.62347808      64.96709785
H      61.58237995      59.05589063      65.62094316
C      59.40352551      56.33657446      66.81336047
C      59.13896383      53.73253160      66.63194674
H      60.03658383      52.63271089      65.14662186
C      57.82938350      52.37003893      68.60104155
H      57.65552868      50.32346534      68.60482101
C      56.82782855      53.75520832      70.72320421
H      55.86217840      52.90672121      72.32569212
C      57.33049575      56.38759707      71.04256796
H      56.66342236      57.55166848      72.59970244
C      58.60417128      57.61402945      69.03378889
N      58.84605625      60.18594696      69.21142316
H      59.50746046      60.82845391      70.88950013
H      59.45454813      61.03821353      67.60704552
 %endblock positions_abs
