 %block lattice_cart
   139.252   0.000   0.000
   0.000 142.425   0.000
   0.000   0.000   162.84
 %endblock lattice_cart

 %block positions_abs
O      60.35594757      60.76798267      61.72810696
H      60.92475519      62.49330278      62.02479399
C      58.54558977      59.88925993      63.36460994
C      57.70088210      57.43828491      62.90162700
H      58.51535415      56.44050941      61.30102881
C      56.01146678      56.33657446      64.39640051
H      55.36895983      54.40338445      64.12616965
C      54.87952072      57.65560343      66.42596658
H      53.34695268      56.82223413      67.51255921
C      55.97556198      59.94595172      67.06280434
H      55.37840847      60.96640393      68.74088131
C      57.89363419      61.06277997      65.66251714
N      59.22967069      63.11502275      66.50533508
H      60.46177225      63.70083791      65.15984994
H      59.46399675      63.21328852      68.40451001
 %endblock positions_abs
