 %block lattice_cart
   139.252   0.000   0.000
   0.000 142.425   0.000
   0.000   0.000   162.84
 %endblock lattice_cart

 %block positions_abs
O      62.68692499      58.83951697      61.54858296
H      63.43336688      60.27759869      62.42163652
C      61.08254735      57.68678392      63.22665992
C      60.39657670      55.28305205      62.80903041
H      61.17136448      54.33629916      61.16118907
C      58.44259969      54.25126148      64.26034021
H      57.71316533      52.37287352      63.85404906
C      57.30498445      55.64965895      66.22943503
H      55.90469725      54.80306156      67.46720577
C      58.13079485      58.10252370      66.66029264
H      57.25774129      59.19667524      68.16451478
C      59.97138828      59.13809372      65.11827596
N      60.73483771      61.55316395      65.84771032
H      61.92347556      62.36007709      64.58159369
H      61.32821177      61.58717903      67.66940648
 %endblock positions_abs
