 %block lattice_cart
   139.252   0.000   0.000
   0.000 142.425   0.000
   0.000   0.000   162.84
 %endblock lattice_cart

 %block positions_abs
O      61.99906461      59.80138766      63.47704866
H      62.92692023      61.20545431      64.22349055
C      60.31153901      58.80172244      65.00772697
C      59.05109155      56.63609609      64.10254807
H      59.68037041      55.99736860      62.25439573
C      57.41080911      55.21691163      65.61999829
H      56.54720418      53.42167163      65.11733111
C      56.97050289      56.09941382      68.12010621
H      55.63257666      55.05439516      69.27661871
C      57.93048385      58.45779225      68.91190153
H      57.37490432      59.23446977      70.72981824
C      59.75218002      59.67855545      67.43602528
N      61.00506857      61.55316396      68.59631724
H      62.31653862      62.49424766      67.56263694
H      61.42269807      61.36419132      70.45769766
 %endblock positions_abs
