 %block lattice_cart
   139.252   0.000   0.000
   0.000 142.425   0.000
   0.000   0.000   162.84
 %endblock lattice_cart

 %block positions_abs
O      59.70493687      58.00614767      62.90540645
H      59.51596422      59.76170341      63.42130174
C      58.16669965      56.51515360      64.52112245
C      57.19160086      54.19267996      63.81247509
H      57.78119547      53.34041339      62.03991180
C      55.79131366      52.72625235      65.58503837
H      55.29998482      50.80440069      65.05591499
C      55.40769923      53.65032851      67.91507090
H      54.21339219      52.67334001      69.27189440
C      56.32988566      55.98603024      68.71442513
H      55.76107804      56.70412624      70.55123912
C      57.76229822      57.38253798      67.01556118
N      58.65991821      59.47824447      67.95286544
H      58.29331130      59.78626986      69.80857667
H      59.10778335      61.01270222      66.90028788
 %endblock positions_abs
