 %block lattice_cart
   139.252   0.000   0.000
   0.000 142.425   0.000
   0.000   0.000   162.84
 %endblock lattice_cart

 %block positions_abs
O      64.01445770      56.48869743      62.70509546
H      64.84782702      57.98914012      63.37027912
C      62.29102732      55.50603975      64.22443542
C      61.20065523      53.16277913      63.40618392
H      62.01890673      52.47302902      61.65440763
C      59.70966116      51.75304329      64.95953895
H      58.97644736      49.95780329      64.28301693
C      59.10494875      52.67334001      67.28579204
H      57.83316294      51.58863710      68.48009907
C      60.00445848      55.02793899      68.17396341
H      59.43376113      55.62320278      70.05424109
C      61.56915186      56.42255702      66.54312960
N      62.64629586      58.57495529      67.51444893
H      63.37573022      58.30472442      69.26433549
H      63.61383573      59.49714172      66.14061790
 %endblock positions_abs
