 %block lattice_cart
   139.252   0.000   0.000
   0.000 142.425   0.000
   0.000   0.000   162.84
 %endblock lattice_cart

 %block positions_abs
O      64.87522805      59.37241978      62.39234576
H      65.95804123      60.64042614      63.17847191
C      63.10077505      58.23291482      63.94759052
C      62.60755647      55.71390964      63.45437194
H      63.80186351      54.95612939      61.96526761
C      60.90302334      54.23425394      64.69403241
H      60.64413083      52.21791596      64.39356593
C      59.58021492      55.50981920      66.68958339
H      58.16858937      54.50637453      67.79129384
C      60.19626571      58.04205246      67.34153896
H      59.44415464      58.89242931      69.05174129
C      61.89135020      59.40454513      65.90912643
N      62.62456402      61.80071810      66.45147787
H      63.96249024      62.51125519      65.27984757
H      62.64724073      62.22968597      68.31852747
 %endblock positions_abs
