 %block lattice_cart
   139.252   0.000   0.000
   0.000 142.425   0.000
   0.000   0.000   162.84
 %endblock lattice_cart

 %block positions_abs
O      59.80603722      58.04205247      63.40996337
H      60.49389759      59.54249516      64.22443541
C      58.77046720      56.73814131      65.28268215
C      57.56293208      54.50637453      64.68363891
H      57.59505743      53.80906552      62.74855916
C      56.57460522      52.98325513      66.52612206
H      55.57116055      51.24659664      66.07825693
C      56.47822918      53.89599293      68.91851558
H      55.65997769      52.55806670      70.24132400
C      57.55915263      56.26570973      69.56480198
H      57.45143823      56.96679819      71.49232281
C      58.84038707      57.67355583      67.81302568
N      59.87406736      60.01492674      68.43285591
H      60.84160724      61.08640156      67.17240846
H      60.35027839      60.30783431      70.26589044
 %endblock positions_abs
