 %block lattice_cart
   139.252   0.000   0.000
   0.000 142.425   0.000
   0.000   0.000   162.84
 %endblock lattice_cart

 %block positions_abs
O      62.54708523      58.58818336      63.64050999
H      63.60344224      60.01492673      64.12050047
C      61.33577066      57.31261810      65.64173015
C      60.33232599      54.91833486      65.02001020
H      60.44570957      54.20401832      63.09626881
C      59.11723197      53.54072438      66.92296459
H      58.02497016      51.89288304      66.37305424
C      58.88857508      54.67456017      69.28134303
H      57.87190234      53.77505044      70.82146998
C      59.95060127      56.94601120      69.88038627
H      59.83343824      57.58095924      71.83247355
C      61.36411655      58.20267920      68.09648463
N      62.82487500      60.25303226      68.90339777
H      63.72438473      59.96579386      70.57013638
H      63.92280598      61.01081250      67.52767701
 %endblock positions_abs
