 %block lattice_cart
   139.252   0.000   0.000
   0.000 142.425   0.000
   0.000   0.000   162.84
 %endblock lattice_cart

 %block positions_abs
O      61.50490117      58.17149871      65.79101854
H      61.75245532      59.87225240      66.45242275
C      59.47155566      56.99797867      66.95131048
C      59.29392138      54.29755977      66.60738029
H      60.63373734      53.28844593      65.42063218
C      57.25490669      53.08624520      67.69586265
H      56.87129225      51.13226819      67.18374683
C      55.67320577      54.39015636      69.36827044
H      54.18977061      53.26954865      70.23565482
C      55.61273453      56.98097114      69.55346361
H      54.13874800      57.96551854      70.59092336
C      57.70844101      58.27732339      68.53679087
N      57.88418555      60.83979226      68.98843546
H      59.32415701      61.76953762      68.13238943
H      56.46500109      61.59568280      70.03156438
 %endblock positions_abs
