 %block lattice_cart
   139.252   0.000   0.000
   0.000 142.425   0.000
   0.000   0.000   162.84
 %endblock lattice_cart

 %block positions_abs
O      61.16475044      59.28076806      63.68208396
H      61.44254020      60.95695531      64.39073133
C      59.66052829      57.99764389      65.28835134
C      59.12573575      55.55800722      64.94442115
H      59.76068379      54.78510917      63.15107088
C      57.69899238      54.20685291      66.63005702
H      57.20010463      52.26799372      66.18408160
C      56.90341760      55.25565101      68.89961831
H      55.90186266      54.12181522      70.28667744
C      57.49679166      57.77276646      69.49488210
H      57.09427996      58.66660701      71.29768100
C      58.81582063      59.13903859      67.59948661
N      59.68887419      61.41804852      68.42718673
H      60.90963738      62.41582401      67.33681465
H      59.26557549      62.07756301      70.17518358
 %endblock positions_abs
