 %block lattice_cart
   139.252   0.000   0.000
   0.000 142.425   0.000
   0.000   0.000   162.84
 %endblock lattice_cart

 %block positions_abs
O      62.36094719      58.25559154      63.55830689
H      62.88629111      59.82028493      64.37088921
C      60.83971751      57.12931466      65.21937632
C      59.73044816      54.95046022      64.24427755
H      60.32193250      54.23803340      62.41124302
C      57.95977461      53.56340110      65.65590310
H      56.63129701      52.18390090      64.91890984
C      57.73111772      54.18701079      68.22593089
H      56.44043465      53.25537572      69.52417286
C      58.84983570      56.45090291      69.10654335
H      58.46622126      57.00270299      71.04729227
C      60.37295511      57.97024287      67.61743901
N      61.87906698      59.69745272      68.60576588
H      63.20565485      60.51381448      67.49082735
H      62.23433553      59.33651499      70.45391821
 %endblock positions_abs
