 %block lattice_cart
   139.252   0.000   0.000
   0.000 142.425   0.000
   0.000   0.000   162.84
 %endblock lattice_cart

 %block positions_abs
O      62.15969134      55.95201516      62.12117003
H      62.32031808      57.69056336      62.70320574
C      59.99028553      55.04683625      63.26256473
C      59.19282103      52.58641259      62.70131602
H      59.92225539      51.36942885      61.21599113
C      57.42592693      51.41856173      64.28112721
H      56.88924465      49.45324637      64.00900662
C      56.15981030      52.76026742      66.16140488
H      54.88235531      51.72091794      67.38972700
C      56.90436246      55.20368354      66.66596182
H      56.17303838      56.04461174      68.38939222
C      58.87723674      56.33751932      65.33748422
N      59.93737320      58.36330593      66.36360561
H      59.09077581      59.23635949      67.84326130
H      61.57765564      59.16454990      65.77590072
 %endblock positions_abs
