 %block lattice_cart
   139.252   0.000   0.000
   0.000 142.425   0.000
   0.000   0.000   162.84
 %endblock lattice_cart

 %block positions_abs
O      61.17419906      59.03982796      61.25850998
H      61.79213957      60.65932341      61.87834021
C      59.86272900      57.83796202      63.19169998
C      59.03880833      55.43234043      62.76651157
H      59.36195153      54.44212384      60.99583802
C      57.68009511      54.30417382      64.78851873
H      56.99223473      52.37476325      64.62789198
C      57.20577381      55.48525276      66.97115261
H      56.50846480      54.44968274      68.60387615
C      57.98056159      57.91166135      67.36610541
H      57.71788964      58.75258956      69.22370638
C      59.40919469      59.24013895      65.53496062
N      60.36539620      61.57395094      65.95636959
H      62.08882660      61.71568042      65.13622836
H      60.84538669      61.99913936      67.76294795
 %endblock positions_abs
