 %block lattice_cart
   139.252   0.000   0.000
   0.000 142.425   0.000
   0.000   0.000   162.84
 %endblock lattice_cart

 %block positions_abs
O      64.57476157      57.03955265      63.22004589
H      64.88467669      58.81967484      63.56208635
C      62.63968182      56.39326626      64.69781185
C      61.63623716      53.96307821      64.34632276
H      62.23150094      52.61948281      62.91013076
C      59.63690671      53.12026027      65.90345724
H      58.52007846      51.41383742      65.66724146
C      58.55220381      54.82101397      67.65145409
H      56.94026727      54.25976524      68.79662824
C      59.56131767      57.34190886      68.04829661
H      58.98873058      58.49086246      69.65078453
C      61.44348507      58.07323295      66.40423472
N      62.34866397      60.45050864      66.77084163
H      61.55497893      61.50875539      68.15790073
H      62.93069967      61.38214373      65.20047906
 %endblock positions_abs
