 %block lattice_cart
   139.252   0.000   0.000
   0.000 142.425   0.000
   0.000   0.000   162.84
 %endblock lattice_cart

 %block positions_abs
O      59.72099953      58.36897511      62.33470911
H      60.04981191      60.17366374      62.48966667
C      58.80826172      57.50348046      64.60993959
C      57.23600943      55.40966371      64.45876148
H      57.00357310      54.22291558      62.79769205
C      55.98879006      54.57251495      66.72832279
H      54.27480829      53.46324560      66.50155563
C      56.70877579      55.59485688      69.01678134
H      55.86595785      54.67833962      70.65139461
C      58.35472740      57.66599692      69.11126767
H      58.78747473      58.44834362      70.95941999
C      59.45643784      58.53338130      66.87194199
N      61.25167784      60.51948366      66.91918513
H      62.04914236      61.00892277      65.24488762
H      62.00189920      61.25647692      68.51978332
 %endblock positions_abs
