 %block lattice_cart
   139.252   0.000   0.000
   0.000 142.425   0.000
   0.000   0.000   162.84
 %endblock lattice_cart

 %block positions_abs
O      61.89512965      58.04677678      62.30069403
H      63.03085516      58.87258719      63.48933188
C      60.05453622      57.14915678      63.80491618
C      59.07754773      54.68306394      63.48933188
H      59.67659097      53.54922815      61.88117479
C      57.34277897      53.72119325      65.19008556
H      56.41681308      51.89760735      65.00489238
C      56.65113914      55.07612701      67.34437356
H      55.38313277      54.08402071      68.61804909
C      57.87946124      57.31734242      67.95475516
H      57.45238310      58.35858162      69.67251638
C      59.52163341      58.37180970      66.08959529
N      60.84066238      60.28421273      67.02123036
H      62.32409752      60.96073475      66.01400624
H      60.61578495      60.56767168      68.90150804
 %endblock positions_abs
