 %block lattice_cart
   139.252   0.000   0.000
   0.000 142.425   0.000
   0.000   0.000   162.84
 %endblock lattice_cart

 %block positions_abs
O      59.42336764      57.66977638      62.26667896
H      60.41925341      58.99636425      63.06603319
C      57.69048861      56.81750981      63.97310182
C      56.73617682      54.50448481      63.57059011
H      57.14435771      53.40844354      61.88495424
C      55.09778411      53.35364148      65.19575474
H      54.48740251      51.43178982      64.80269167
C      54.50629977      54.53094097      67.54657428
H      53.14191737      53.60875453      68.77300665
C      55.58344377      56.80428173      68.06624901
H      55.15258617      57.73213735      69.84637120
C      57.18404196      57.96646341      66.41651794
N      58.67881547      59.90343288      67.21965162
H      60.13768419      60.43633570      66.09904392
H      58.80353741      60.35696720      69.07536286
 %endblock positions_abs
