 %block lattice_cart
   139.252   0.000   0.000
   0.000 142.425   0.000
   0.000   0.000   162.84
 %endblock lattice_cart

 %block positions_abs
O      61.62678852      57.98158122      61.88117479
H      62.30331054      59.64454038      62.27612759
C      59.84855606      57.25403659      63.64617917
C      58.62779286      54.90699651      63.27579281
H      58.92259016      53.74292510      61.60905420
C      56.99317960      54.12464982      65.09748898
H      56.10500823      52.30295365      64.77434578
C      56.25807606      55.67044594      67.04390708
H      54.94471628      55.06762325      68.50277579
C      57.48639817      57.96457368      67.52389756
H      56.69649257      58.97746699      69.12449575
C      59.21927720      58.79983271      65.74755483
N      60.37201025      60.99758442      66.14061790
H      61.60789126      61.65898863      64.83670674
H      60.25295749      61.64198109      67.94341680
 %endblock positions_abs
