 %block lattice_cart
   139.252   0.000   0.000
   0.000 142.425   0.000
   0.000   0.000   162.84
 %endblock lattice_cart

 %block positions_abs
O      61.84032759      58.06000487      63.49878051
H      62.42236329      59.45273316      64.55324780
C      60.44759929      56.55767245      65.20898283
C      59.81643070      54.13126386      64.47765874
H      59.98083689      53.39238087      62.56525571
C      58.45960721      52.67617460      66.21998640
H      57.81898999      50.83747090      65.56236165
C      57.96260919      53.48686719      68.66529225
H      56.89491382      52.22264029      69.88227600
C      58.58243942      55.87359152      69.41173415
H      58.28386266      56.43861969      71.36571115
C      59.89768894      57.47607944      67.71664964
N      60.81798565      59.76264827      68.63316690
H      62.01229268      60.66026827      67.43508042
H      61.48316931      59.78532499      70.43218635
 %endblock positions_abs
