 %block lattice_cart
   139.252   0.000   0.000
   0.000 142.425   0.000
   0.000   0.000   162.84
 %endblock lattice_cart

 %block positions_abs
O      62.84471712      57.93150347      63.39106612
H      63.41919392      59.56800646      64.01278607
C      60.82459969      57.16049514      64.66852109
C      59.73422761      54.88904411      64.05436004
H      60.46744142      53.84780491      62.44053377
C      57.60072660      53.76087750      65.32425613
H      56.93743267      51.87871009      64.83481701
C      56.67476071      55.08935510      67.43319070
H      55.04392690      54.33535430      68.42718673
C      57.73678690      57.38348284      68.18530176
H      56.93743267      58.40015560      69.78401023
C      59.72099953      58.47574465      66.78879403
N      60.65452432      60.83790254      67.50689002
H      60.77735653      61.10624368      69.40228551
H      62.13984921      61.63536705      66.60171112
 %endblock positions_abs
