 %block lattice_cart
   139.252   0.000   0.000
   0.000 142.425   0.000
   0.000   0.000   162.84
 %endblock lattice_cart

 %block positions_abs
O      63.93603408      60.83695768      63.62255759
H      64.46326772      62.54904972      64.04396655
C      62.42047358      59.62564312      65.47070992
C      61.37545491      57.17655782      65.08331603
H      61.63434743      56.28082754      63.25217123
C      59.71249576      56.02760421      66.75383409
H      58.91692098      54.17945187      66.33242512
C      59.18337239      57.42600169      68.99127004
H      57.94560166      56.66633170      70.44446958
C      60.15280199      59.81083630      69.45425299
H      59.85233552      60.72735356      71.26839025
C      61.76662827      60.95790016      67.68924861
N      62.79463938      63.25202790      68.11254731
H      64.26484645      63.81327663      67.02406495
H      63.06675996      63.61296564      69.97581745
 %endblock positions_abs
