 %block lattice_cart
   139.252   0.000   0.000
   0.000 142.425   0.000
   0.000   0.000   162.84
 %endblock lattice_cart

 %block positions_abs
O      58.38401816      56.60113615      61.64117955
H      59.93926292      57.38726230      61.04024658
C      58.20827362      57.41560819      64.06758813
C      56.95349535      56.20240390      65.97243226
H      55.81588011      54.59802626      65.37716847
C      56.87790629      57.14726705      68.50088606
H      56.08044179      55.96996756      69.98432122
C      58.11378730      59.40360027      69.14528274
H      58.26118595      59.96673871      71.11437755
C      59.63879644      60.53365661      67.16484956
H      60.86144936      62.12291644      67.61649415
C      59.65580397      59.53021193      64.68930809
N      60.90869252      60.76042376      62.85627357
H      59.85422524      60.95695530      61.26890346
H      61.94615226      62.26086646      63.43452982
 %endblock positions_abs
