 %block lattice_cart
   139.252   0.000   0.000
   0.000 142.425   0.000
   0.000   0.000   162.84
 %endblock lattice_cart

 %block positions_abs
O      62.50173180      57.50725992      63.98821963
H      63.03841407      59.08707112      64.76300742
C      60.72349935      56.38854195      65.39039655
C      60.17358898      53.97536143      64.61371904
H      61.16569529      53.13065377      63.02445921
C      58.43693050      52.45035230      65.93652746
H      57.92103521      50.59842052      65.21276228
C      57.11979126      53.56907028      67.84137158
H      55.59478212      52.64121467      68.85804434
C      57.83032835      56.02193503      68.79001419
H      56.87601657      56.67389062      70.48887814
C      59.63501699      57.40899416      67.53901537
N      60.40602532      59.63698147      68.58403402
H      62.04252830      60.40987954      67.95475516
H      59.59533273      60.06405962      70.26778017
 %endblock positions_abs
