 %block lattice_cart
   139.252   0.000   0.000
   0.000 142.425   0.000
   0.000   0.000   162.84
 %endblock lattice_cart

 %block positions_abs
O      61.19876551      58.03921787      63.52901614
H      61.92253068      59.57556537      64.23766350
C      59.33171591      57.37025475      65.08993007
C      58.05993010      55.25187157      64.38506216
H      58.52102332      54.46763515      62.54446873
C      56.33272025      54.10858715      66.04991104
H      55.31226804      52.43806909      65.41874245
C      55.75068455      55.25187157      68.27978809
H      54.26158021      54.51865775      69.49299238
C      56.85617444      57.64048563      68.80135255
H      56.40641958      58.50220083      70.60982063
C      58.57393566      58.72518853      67.23287971
N      59.73989679      61.00041900      67.88483529
H      61.48600391      61.24986288      67.14028312
H      59.68509473      61.55599855      69.71975954
 %endblock positions_abs
