 %block lattice_cart
   139.252   0.000   0.000
   0.000 142.425   0.000
   0.000   0.000   162.84
 %endblock lattice_cart

 %block positions_abs
O      60.16036090      55.11014209      60.76907085
H      61.06931926      56.62381286      61.29441476
C      58.38968734      54.46952487      62.48305261
C      57.26718991      52.15649986      62.35455123
H      57.64513518      50.89038323      60.78229894
C      55.49273691      51.35525590      64.15546040
H      54.57432992      49.52978029      63.93814187
C      54.81432516      53.07679658      66.04707645
H      53.42726605      52.60247527      67.48137872
C      55.87824107      55.48241817      66.20581345
H      55.44360402      56.63704095      67.84987535
C      57.66592217      56.16082992      64.33498441
N      58.74495589      58.49653164      64.64678925
H      59.13990869      59.06344953      66.43636007
H      60.07343349      59.22407627      63.47137947
 %endblock positions_abs
