 %block lattice_cart
   139.252   0.000   0.000
   0.000 142.425   0.000
   0.000   0.000   162.84
 %endblock lattice_cart

 %block positions_abs
O      61.84032759      56.54822382      62.12400462
H      62.67558662      58.15638090      62.44525809
C      60.56098288      55.53344079      64.04018710
C      59.44793408      53.19206989      63.72271308
H      59.74084166      52.38704647      61.85755321
C      58.04575716      52.19618412      65.62566748
H      57.12735017      50.36881877      65.43858457
C      58.08544141      53.36592470      68.03884798
H      56.96483371      52.64215952      69.60165164
C      59.30998406      55.54855860      68.47915421
H      59.26274090      56.46318613      70.31974764
C      60.50240136      56.72963754      66.41179362
N      61.92158583      58.81967485      66.88989438
H      62.90802296      58.50787000      68.50372065
H      63.07242915      59.49241740      65.51228390
 %endblock positions_abs
