 %block lattice_cart
   139.252   0.000   0.000
   0.000 142.425   0.000
   0.000   0.000   162.84
 %endblock lattice_cart

 %block positions_abs
O      62.85794521      58.10913774      62.92335885
H      63.79147001      59.32234204      63.94759052
C      60.79058463      57.36080612      64.29152070
C      59.42998168      55.10447291      63.64145485
H      59.75690433      54.18606592      61.83487649
C      57.47600467      54.33535430      65.20614824
H      56.40641958      52.67617459      64.64489952
C      56.85995389      55.78099493      67.42279720
H      55.28203242      55.22163594      68.61332477
C      57.96733351      58.19039597      67.88578014
H      57.31726766      59.56422700      69.26717009
C      59.99500985      58.86691799      66.31730730
N      60.92097574      61.20261972      66.76706218
H      62.57448626      61.50119647      65.84676545
H      60.53358185      62.10590889      68.40923433
 %endblock positions_abs
