 %block lattice_cart
   139.252   0.000   0.000
   0.000 142.425   0.000
   0.000   0.000   162.84
 %endblock lattice_cart

 %block positions_abs
O      60.28791743      56.73719645      62.95737392
H      60.73956201      58.24330832      63.91546516
C      58.76479801      55.23864348      64.39356592
C      58.19976985      52.73853557      63.53185072
H      58.71377540      52.27555262      61.59866070
C      56.83349773      51.17762163      65.07197767
H      56.40075040      49.31435149      64.32364605
C      55.89430375      51.84658475      67.52106297
H      54.76802687      50.55968113      68.65678848
C      56.64263536      54.30700841      68.39789598
H      56.00201815      55.00809687      70.22148187
C      57.98812050      55.97941619      66.77273135
N      58.52480277      58.25842613      67.85743425
H      59.58871869      59.55666810      66.93146836
H      58.46622127      58.43795013      69.76416810
 %endblock positions_abs
