 %block lattice_cart
   139.252   0.000   0.000
   0.000 142.425   0.000
   0.000   0.000   162.84
 %endblock lattice_cart

 %block positions_abs
O      63.12345176      58.53905048      62.48777693
H      63.30675521      60.34562883      62.78257423
C      61.13356995      57.61497431      63.83704152
C      60.40602532      55.09029996      63.67641478
H      61.20726928      53.89221348      62.21187689
C      58.97361278      53.96591281      65.47732396
H      58.66936684      51.93445701      65.36960956
C      57.92859413      55.38320754      67.35571192
H      56.70783093      54.39677040      68.68418951
C      58.74117644      57.89276409      67.63350168
H      58.24228869      59.09651975      69.22087178
C      60.25673694      59.02093069      65.81747470
N      60.89735416      61.44167011      66.12172064
H      62.48850372      61.96890374      65.19008557
H      60.16603008      62.25236269      67.69586265
 %endblock positions_abs
