 %block lattice_cart
   139.252   0.000   0.000
   0.000 142.425   0.000
   0.000   0.000   162.84
 %endblock lattice_cart

 %block positions_abs
O      63.08660209      60.53743606      61.57692886
H      63.48155489      62.18527741      62.29691458
C      61.33482580      59.33368040      62.97154688
C      60.43531607      57.06600882      62.07203714
H      61.40474567      56.13437375      60.51868212
C      58.66275279      55.72241342      63.38917638
H      58.07693763      53.89504806      62.65785231
C      57.63096222      56.59357725      65.66629660
H      56.28925654      55.43139556      66.70375633
C      58.58527401      58.79888785      66.58281385
H      58.05426092      59.55855783      68.41395866
C      60.40319072      60.14815244      65.33181504
N      61.40663540      62.18905686      66.56769605
H      60.46744142      62.87313778      68.08892572
H      62.52724310      63.35501799      65.53779520
 %endblock positions_abs
