 %block lattice_cart
   139.252   0.000   0.000
   0.000 142.425   0.000
   0.000   0.000   162.84
 %endblock lattice_cart

 %block positions_abs
O      61.20537956      58.93872760      64.02506929
H      61.70048784      60.68861416      64.30474879
C      59.46305189      57.74820002      65.62377775
C      58.70149218      55.34635787      65.17402289
H      59.36856557      54.35614129      63.50161510
C      56.92892890      54.08024124      66.61399434
H      56.70027202      52.07902108      66.20959291
C      56.08422125      55.14415716      68.83820221
H      54.90503202      54.12181522      70.17423871
C      56.93837754      57.53277122      69.42212764
H      55.99918357      58.56645151      70.92634979
C      58.46527640      58.84613101      67.74405068
N      59.00762786      61.36702591      68.24104870
H      60.48350411      62.16260069      67.31319308
H      57.93615303      62.49897197      69.35598722
 %endblock positions_abs
