 %block lattice_cart
   139.252   0.000   0.000
   0.000 142.425   0.000
   0.000   0.000   162.84
 %endblock lattice_cart

 %block positions_abs
O      63.34266001      57.98725040      62.34226802
H      64.34421496      59.31761772      63.12839416
C      61.54364056      56.99703381      63.92774839
C      60.48539383      54.69912661      63.25122637
H      61.03908364      53.76749154      61.50700898
C      58.61078532      53.50292985      64.75544851
H      57.82087972      51.68312341      64.22821487
C      57.86812288      54.69723688      66.91351597
H      56.24106853      54.09063473      68.00955723
C      59.00762785      57.00270298      67.61271469
H      58.37456953      58.00803738      69.28701222
C      60.88979526      58.14220796      66.19730970
N      62.11622763      60.36074664      67.07603242
H      62.08788174      60.70845628      68.95819983
H      63.48438948      61.14498306      65.98566034
 %endblock positions_abs
