 %block lattice_cart
   139.252   0.000   0.000
   0.000 142.425   0.000
   0.000   0.000   162.84
 %endblock lattice_cart

 %block positions_abs
O      59.53580635      59.03982796      63.91357544
H      60.02335574      60.71034602      64.51261869
C      57.73678690      58.05717027      65.63133666
C      56.71255524      55.70068156      65.20614824
H      57.37773890      54.79928211      63.48460757
C      54.94944059      54.54038960      66.78029026
H      54.03292333      52.72436262      66.48738268
C      54.08016648      55.85563912      68.88355565
H      52.86318274      54.92589377      70.25360722
C      55.35762147      58.07228808      69.55818794
H      54.65842274      58.97746699      71.26272108
C      57.04703680      59.28360265      67.87444179
N      58.54747949      61.03726867      69.01016731
H      59.63029267      62.02181608      67.77428629
H      59.21266315      60.76703781      70.78462032
 %endblock positions_abs
