 %block lattice_cart
   139.252   0.000   0.000
   0.000 142.425   0.000
   0.000   0.000   162.84
 %endblock lattice_cart

 %block positions_abs
O      61.06176035      57.62064350      62.18636559
H      62.30708999      58.68644914      63.02351435
C      59.71627522      56.20523849      63.86633228
C      58.82432440      54.02449432      63.00839654
H      58.96605387      53.65977714      60.99016883
C      57.49773653      52.42389613      64.76584201
H      56.65680832      50.75526781      63.91546517
C      56.91381110      53.26482435      67.21492731
H      55.98595548      51.95902347      68.50372066
C      57.73962150      55.57973907      67.93680276
H      57.64324545      56.22413575      69.88700032
C      59.09644499      57.14065301      66.25872580
N      60.08666158      59.41588350      67.12988963
H      59.18526212      60.47413023      68.44513914
H      61.31876313      60.22846580      65.90345725
 %endblock positions_abs
