 %block lattice_cart
   139.252   0.000   0.000
   0.000 142.425   0.000
   0.000   0.000   162.84
 %endblock lattice_cart

 %block positions_abs
O      61.61639502      59.31478314      63.70476068
H      61.51623953      61.12325122      64.02979361
C      59.34683372      58.43795013      64.81780948
C      58.73645212      55.83201754      64.35293681
H      59.70777145      54.73030710      62.91863454
C      56.75601895      54.59235708      65.59448699
H      56.20232914      52.67239515      65.11260678
C      55.34250366      55.97752647      67.29902013
H      53.88552468      55.00998660      68.37805385
C      56.09272501      58.46818575      68.04168257
H      55.23856872      59.44139480      69.63661158
C      58.07315819      59.66060305      66.75855840
N      58.91786585      61.94717189      67.63161196
H      60.22933591      62.86179943      66.57714468
H      58.16008560      62.84857134      69.14339301
 %endblock positions_abs
