 %block lattice_cart
   139.252   0.000   0.000
   0.000 142.425   0.000
   0.000   0.000   162.84
 %endblock lattice_cart

 %block positions_abs
O      66.34260053      60.39192713      63.10855203
H      66.35582862      62.19094658      63.50350483
C      64.28846803      59.12958996      64.03640764
C      64.21854816      56.65593821      63.37500343
H      65.90796348      56.04744634      62.37722795
C      62.18331292      55.06667838      64.19892411
H      62.38929308      53.02388424      64.17813713
C      60.30492496      56.08335114      65.84676545
H      58.77046720      55.05534003      66.74438545
C      60.56570719      58.58345905      66.48927241
H      59.11061793      59.43005644      67.66657190
C      62.49133831      60.08201202      65.75416886
N      62.52913283      62.57645075      66.54974365
H      63.93697893      63.78020641      66.06219426
H      61.39151759      63.14714810      67.98215619
 %endblock positions_abs
