 %block lattice_cart
   139.252   0.000   0.000
   0.000 142.425   0.000
   0.000   0.000   162.84
 %endblock lattice_cart

 %block positions_abs
O      62.71810546      57.00837218      64.52584677
H      63.82359536      58.36519567      65.09654411
C      61.11372782      56.24870219      66.28707169
C      59.42053305      54.28527655      65.65401338
H      59.48478374      53.43678945      63.78696378
C      57.66497730      53.50670931      67.41145884
H      56.27791819      52.04595088      67.00516769
C      57.80481705      54.46291082      69.86621332
H      56.42909629      53.76371210      71.22492655
C      59.56982142      56.26382000      70.52761753
H      59.74745570      56.94601121      72.45702809
C      61.29703127      57.20679343      68.75883371
N      62.99400550      59.07006358      69.51850369
H      64.15051801      59.97713221      68.28451240
H      63.16597060      59.50281091      71.37421492
 %endblock positions_abs
