 %block lattice_cart
   139.252   0.000   0.000
   0.000 142.425   0.000
   0.000   0.000   162.84
 %endblock lattice_cart

 %block positions_abs
O      60.30209037      58.69211832      62.93847666
H      61.11467269      60.17177402      63.66602129
C      59.22683611      57.20301398      64.72426803
C      58.48984283      54.82195883      63.94570078
H      58.88668536      54.12653954      62.05597447
C      57.00262824      53.20246338      65.47448938
H      56.66247749      51.22391993      65.03985232
C      56.38468772      54.11898064      67.87255207
H      55.13179918      53.26482434      69.25772145
C      57.11790154      56.61341937      68.64545012
H      56.47350487      57.12553520      70.53139699
C      58.53897573      58.04961137      67.09587455
N      59.17581349      60.48168913      67.77806576
H      59.42525737      61.88764551      66.49872104
H      59.80698208      60.81806042      69.55440848
 %endblock positions_abs
