 %block lattice_cart
   139.252   0.000   0.000
   0.000 142.425   0.000
   0.000   0.000   162.84
 %endblock lattice_cart

 %block positions_abs
O      62.34582939      57.18317185      61.52874083
H      62.49700749      58.98597075      61.85755321
C      60.12162152      56.20240390      62.62100264
C      59.30903920      53.83268710      61.58921207
H      60.15185714      53.10703219      59.86011250
C      57.53458619      52.46074580      62.98194037
H      56.77491622      50.60503456      62.54541359
C      56.60673056      53.60025076      65.28551674
H      55.05904471      52.73664584      66.32486621
C      57.09239024      56.03232853      66.03762781
H      56.13807845      56.79955741      67.68546916
C      59.01046244      57.26820954      64.83576188
N      59.84572147      59.41493863      65.89778807
H      60.77735655      60.45617783      64.58442828
H      60.78869489      59.33557012      67.56452667
 %endblock positions_abs
