 %block lattice_cart
   139.252   0.000   0.000
   0.000 142.425   0.000
   0.000   0.000   162.84
 %endblock lattice_cart

 %block positions_abs
O      62.32031808      57.96457369      61.78668847
H      62.80408801      59.65209928      62.33848855
C      60.46649656      57.23324961      63.52901613
C      59.67092178      54.71802389      63.47421407
H      60.40602533      53.65977714      61.87361588
C      57.84355644      53.63521070      65.03890746
H      57.50907488      51.61320355      64.89717798
C      56.64358024      55.33596439      66.73588169
H      54.98062108      54.58007387      67.66940648
C      57.49395707      57.83607230      67.04957626
H      56.80609670      59.00203344      68.59537238
C      59.52541286      58.68455942      65.50189040
N      60.44570958      61.07128375      65.69464249
H      61.96882899      61.53804615      64.63450603
H      59.05298129      62.20511954      66.36738505
 %endblock positions_abs
