 %block lattice_cart
   139.252   0.000   0.000
   0.000 142.425   0.000
   0.000   0.000   162.84
 %endblock lattice_cart

 %block positions_abs
O      64.07776354      55.81689972      63.46193084
H      64.13823479      57.54033012      64.10065834
C      61.92347555      54.99864823      64.53151594
C      61.06176034      52.65349788      64.02317956
H      61.75528990      51.50832373      62.46793480
C      59.19660047      51.45352167      65.56330650
H      58.79597849      49.46175013      65.26472976
C      58.04197769      52.81034516      67.50216570
H      56.65680830      51.69729636      68.53017682
C      58.91314153      55.27643800      68.07664250
H      58.27252431      56.17972718      69.80952154
C      60.96916375      56.38003817      66.65745804
N      62.01796185      58.51731863      67.50594515
H      62.85133117      59.78154553      66.33053539
H      61.33766039      59.27320915      69.13110978
 %endblock positions_abs
