 %block lattice_cart
   139.252   0.000   0.000
   0.000 142.425   0.000
   0.000   0.000   162.84
 %endblock lattice_cart

 %block positions_abs
O      62.28157868      57.63481645      60.67836399
H      63.41919393      58.73841661      61.60999906
C      60.68475995      56.29689022      62.18069641
C      59.87028791      53.91016588      61.58165317
H      60.54303048      53.02199452      59.85633305
C      58.50968496      52.52877595      63.38067262
H      57.78591978      50.65605717      62.94603557
C      57.52324782      53.69662681      65.52551198
H      56.28169765      52.70074104      66.81997451
C      58.25457191      56.17216828      66.03762782
H      57.65363894      56.93372798      67.84609590
C      59.95532559      57.38915202      64.50505978
N      60.82837916      59.73052293      65.38000306
H      62.03213481      60.52798743      64.12144533
H      60.03091465      60.67349636      66.84265122
 %endblock positions_abs
