 %block lattice_cart
   139.252   0.000   0.000
   0.000 142.425   0.000
   0.000   0.000   162.84
 %endblock lattice_cart

 %block positions_abs
O      62.30992458      57.24080850      64.31230769
H      62.30803486      59.02471015      64.76395228
C      60.72066476      55.83296240      65.74660996
C      60.07059890      53.36497983      64.96804272
H      60.75845929      52.59586123      63.19169999
C      58.31693288      51.87398578      66.46659569
H      57.61206497      50.09386360      65.72771270
C      57.55348345      53.00215239      68.71348027
H      56.00579760      52.20279815      69.80385235
C      58.33960959      55.27360341      69.59220301
H      57.71411019      56.08618572      71.37043547
C      60.04036328      56.72869267      68.14467265
N      60.70365721      59.03793822      68.96859332
H      61.70143272      60.13775895      67.75916848
H      61.09672029      59.15888072      70.84131210
 %endblock positions_abs
