 %block lattice_cart
   139.252   0.000   0.000
   0.000 142.425   0.000
   0.000   0.000   162.84
 %endblock lattice_cart

 %block positions_abs
O      58.47378017      57.70473632      62.32053615
H      59.25612686      59.02376528      63.33531918
C      57.13774367      56.33468474      64.01562067
C      56.12296064      54.05000563      63.15201573
H      56.35728670      53.48119801      61.19236954
C      54.81715975      52.72719721      64.97938107
H      53.77025138      51.06234833      64.38978647
C      55.00235293      53.23742331      67.53807051
H      53.98568018      52.07146218      68.89300428
C      56.08516611      55.51076407      68.34498364
H      56.34594834      55.91894495      70.34053463
C      57.01302173      57.10191362      66.57431009
N      58.29236644      59.26942970      67.42090748
H      58.93676312      60.32956617      65.96014904
H      59.87406737      58.84613101      68.41490351
 %endblock positions_abs
