 %block lattice_cart
   139.252   0.000   0.000
   0.000 142.425   0.000
   0.000   0.000   162.84
 %endblock lattice_cart

 %block positions_abs
O      61.14018399      58.19889975      63.30602843
H      61.58237995      59.92799933      63.75578329
C      59.52446799      57.11230712      64.78001495
C      58.94999119      54.53094098      64.28112721
H      59.61517485      53.65599769      62.54446873
C      57.23600943      53.26482435      65.81180552
H      56.52925179      51.39777475      65.33181504
C      56.21366749      54.37409369      67.94152708
H      55.14219267      53.27616271      69.30968893
C      56.82782854      56.77593584      68.60482101
H      55.77336126      57.61119487      70.15628631
C      58.41708837      58.14220796      67.06847352
N      58.95755010      60.55349874      67.86026884
H      60.60161199      61.20167486      67.11571668
H      58.47189044      61.05049676      69.64606021
 %endblock positions_abs
