 %block lattice_cart
   139.252   0.000   0.000
   0.000 142.425   0.000
   0.000   0.000   162.84
 %endblock lattice_cart

 %block positions_abs
O      60.71310585      59.90721233      61.33504388
H      61.58049022      61.20923376      62.30258376
C      59.35439262      58.36141621      62.88461945
C      58.25079246      56.29027617      61.78857819
H      58.32827124      55.84430076      59.78546831
C      56.82215936      54.64243483      63.24933663
H      55.97934144      53.10230788      62.18164128
C      56.55003878      55.00148283      65.79857743
H      55.10628787      54.04528131      66.90217760
C      57.67631566      57.12931465      66.97209747
H      57.40986426      57.40521470      68.98843546
C      59.11250766      58.79794299      65.50000067
N      60.50712568      60.69333848      66.70375634
H      61.04380795      62.12386130      65.54346438
H      61.00601342      60.52326311      68.54623950
 %endblock positions_abs
