 %block lattice_cart
   139.252   0.000   0.000
   0.000 142.425   0.000
   0.000   0.000   162.84
 %endblock lattice_cart

 %block positions_abs
O      61.88284644      56.63893067      60.99867260
H      62.57826572      58.07134322      61.92463850
C      59.77769132      55.81312027      62.19108991
C      58.87629187      53.40749868      61.85849808
H      59.77580160      52.18484575      60.47521841
C      56.67098127      52.70452049      63.04146675
H      55.90186266      50.87904487      62.49344612
C      55.57305027      54.19740427      64.91229580
H      54.13874801      53.34702743      66.11416173
C      56.79192375      56.36681008      65.72298839
H      56.26091066      57.35702667      67.44452906
C      58.82904871      57.24931227      64.18475117
N      59.84383175      59.44139479      64.98221567
H      61.00601342      60.24452848      63.68586342
H      58.62684800      60.70373197      65.75322401
 %endblock positions_abs
