 %block lattice_cart
   139.252   0.000   0.000
   0.000 142.425   0.000
   0.000   0.000   162.84
 %endblock lattice_cart

 %block positions_abs
O      61.26207134      58.94156219      62.82698280
H      62.24661875      60.17366375      63.78129459
C      59.94682183      57.61119487      64.54663375
C      58.84700111      55.29061095      63.92491379
H      59.51785395      54.49692590      62.15424024
C      57.64891463      53.94890527      65.83353737
H      56.90247274      52.03839197      65.69747707
C      57.46939063      54.88620952      68.22215144
H      56.68893366      53.70324085      69.71125577
C      58.55787299      57.25403659      68.84009194
H      58.44637914      57.89843327      70.78651003
C      59.80887181      58.59952173      67.03540330
N      60.91247197      60.68955903      67.82152945
H      62.20315505      61.45111873      66.62911214
H      61.46805151      60.58751381      69.65267425
 %endblock positions_abs
