 %block lattice_cart
   139.252   0.000   0.000
   0.000 142.425   0.000
   0.000   0.000   162.84
 %endblock lattice_cart

 %block positions_abs
O      62.36567151      57.82284421      62.35927555
H      62.51307016      59.60863558      62.77501534
C      60.57043151      56.70601596      63.81814426
C      59.65391425      54.25882038      63.27768254
H      60.55909315      53.24403735      61.73377614
C      57.76985711      53.07774145      64.79324304
H      57.28419745      51.10864662      64.46065121
C      56.80042751      54.45913137      66.72643306
H      55.37368415      53.50292986      67.85459967
C      57.82276945      56.67200088      67.44452906
H      57.19160086      57.66599692      69.12827520
C      59.61422999      57.81906475      66.00644733
N      60.63468220      59.97524248      67.01367146
H      60.50618081      60.27948841      68.90150804
H      62.19748586      60.49302749      66.03479323
 %endblock positions_abs
