 %block lattice_cart
   139.252   0.000   0.000
   0.000 142.425   0.000
   0.000   0.000   162.84
 %endblock lattice_cart

 %block positions_abs
O      60.28886229      58.56550665      63.39012126
H      60.80475757      60.10941305      64.24994673
C      59.18148267      57.06506396      65.13055919
C      58.15914073      54.72180333      64.45025771
H      58.09489004      54.15299571      62.47738345
C      56.85711930      53.31206750      66.27195388
H      56.12768495      51.42045146      65.93936204
C      56.52641720      54.23236422      68.66056793
H      55.57399514      53.05695445      70.05140650
C      57.62623791      56.51515360      69.41834819
H      57.73773177      57.01026190      71.41011973
C      58.81487576      58.04583192      67.61176984
N      60.06965404      60.13775895      68.47537476
H      61.80253306      60.40610008      67.70247670
H      60.16225062      60.20956855      70.38588806
 %endblock positions_abs
