 %block lattice_cart
   139.252   0.000   0.000
   0.000 142.425   0.000
   0.000   0.000   162.84
 %endblock lattice_cart

 %block positions_abs
O      61.35750252      56.90632695      61.99077892
H      62.12473140      58.35007786      62.83926603
C      59.78525023      55.74036581      63.67830451
C      59.08794122      53.29694970      63.06036400
H      59.97422286      52.47113930      61.39929457
C      57.32482657      51.97414128      64.46443066
H      56.76924703      50.02205400      64.14506690
C      56.09272501      53.12309487      66.46376109
H      54.76802687      51.96280291      67.52578728
C      56.80704156      55.57029044      67.15540092
H      55.96044417      56.45090292      68.80702172
C      58.75534939      56.85530435      65.79668770
N      59.69832282      58.99825398      66.77934539
H      59.10872821      59.51603899      68.52923196
H      61.37262033      59.71823971      66.19164050
 %endblock positions_abs
