 %block lattice_cart
   139.252   0.000   0.000
   0.000 142.425   0.000
   0.000   0.000   162.84
 %endblock lattice_cart

 %block positions_abs
O      63.33604597      56.92616908      63.02540407
H      62.80314315      58.54377480      63.72271309
C      61.83371355      55.04589140      63.89089872
C      62.04347317      52.81979380      62.67580470
H      63.32659733      52.61948281      61.08276542
C      60.52602294      50.73542568      63.43169523
H      60.66019351      48.95341376      62.41691221
C      58.73456239      50.96408256      65.22882495
H      57.62718277      49.34080766      65.82975792
C      58.59283292      53.33379936      66.48171350
H      57.20766353      53.54355898      67.98404591
C      60.05548109      55.42194693      65.86188327
N      59.59627759      57.64615480      66.91635056
H      58.99723435      57.57434520      68.73426726
H      60.22366673      59.36958520      66.36077102
 %endblock positions_abs
