 %block lattice_cart
   139.252   0.000   0.000
   0.000 142.425   0.000
   0.000   0.000   162.84
 %endblock lattice_cart

 %block positions_abs
O      62.97510824      58.42283231      63.60743978
H      63.86516933      59.83823732      64.37844811
C      61.08916138      57.46096162      65.13622836
C      60.19721056      55.01187633      64.70348104
H      61.10994837      53.90827615      63.23327397
C      58.67220143      53.90638642      66.48738268
H      58.05804037      51.94485051      66.43824979
C      57.64041086      55.35769624      68.39222680
H      56.08705583      54.58101872      69.49393724
C      58.38307330      57.86536306      68.82497413
H      57.70088210      58.97652213      70.40856478
C      60.01768656      58.95951458      67.09398482
N      60.95877026      61.26120124      67.68924861
H      62.43464652      62.02654039      66.73115737
H      60.88507094      61.59757253      69.57330575
 %endblock positions_abs
