 %block lattice_cart
   139.252   0.000   0.000
   0.000 142.425   0.000
   0.000   0.000   162.84
 %endblock lattice_cart

 %block positions_abs
O      60.98806103      59.20139955      64.28679639
H      61.65513442      60.83979227      64.79324304
C      59.59911219      58.29622065      66.22943503
C      58.15914074      56.10413813      65.73810620
H      58.48795312      55.23108457      63.91074086
C      56.59822680      54.96274343      67.45586742
H      55.52108280      53.30167400      66.90217761
C      56.29587059      56.19484499      69.80857668
H      54.94849573      55.34635787      71.10492892
C      57.75095985      58.39259669      70.33203087
H      57.71883451      59.27131943      72.18774211
C      59.41580874      59.39604136      68.55190867
N      60.43248149      61.78087597      69.11693684
H      61.61733989      62.68038569      67.90940173
H      60.79152949      61.83756776      70.99721453
 %endblock positions_abs
