 %block lattice_cart
   139.252   0.000   0.000
   0.000 142.425   0.000
   0.000   0.000   162.84
 %endblock lattice_cart

 %block positions_abs
O      63.36061240      56.96679819      61.62984119
H      64.11650293      58.48613815      62.34037828
C      61.71844024      55.78949870      63.30980788
C      61.28002374      53.18923529      62.96965714
H      62.17575402      52.31996119      61.33882334
C      59.60194678      51.91744948      64.48143819
H      59.10116930      49.95780330      64.11861074
C      58.45677262      53.26671407      66.49399671
H      57.06782379      52.18390089      67.55224345
C      59.12384601      55.90477200      66.96831803
H      57.96922324      56.98002628      68.28356754
C      60.66397296      57.13120438      65.23165954
N      61.22144223      59.61997394      65.70976029
H      62.70298766      60.44389461      64.81780948
H      60.70365722      60.30783431      67.42563180
 %endblock positions_abs
