 %block lattice_cart
   139.252   0.000   0.000
   0.000 142.425   0.000
   0.000   0.000   162.84
 %endblock lattice_cart

 %block positions_abs
O      62.31464890      59.75792396      60.52340643
H      63.07431888      61.01837141      61.62889633
C      60.48161438      58.54282994      61.89912719
C      59.48383888      56.28838645      60.99205856
H      60.09611021      55.32462603      59.28563570
C      57.61678928      55.17533765      62.55486222
H      56.83822204      53.34041340      62.05030529
C      56.83444259      56.29027617      64.74694474
H      55.40958895      55.23391916      65.78440449
C      57.96071947      58.35763676      65.69180790
H      57.47505981      59.15510126      67.51917324
C      59.78619509      59.55194379      64.32553577
N      60.85200073      61.56828177      65.45937156
H      61.98205707      62.85707511      64.60143582
H      61.48505905      61.07695292      67.19980950
 %endblock positions_abs
