 %block lattice_cart
   139.252   0.000   0.000
   0.000 142.425   0.000
   0.000   0.000   162.84
 %endblock lattice_cart

 %block positions_abs
O      63.01006818      57.47796916      63.84176584
H      62.90613323      59.29210642      64.12711451
C      61.12979050      56.28744158      65.10410302
C      60.68192536      53.70040626      64.60143582
H      61.64757551      52.70074104      63.08776504
C      58.89424427      52.43428963      65.96770794
H      58.52763736      50.51999687      65.31764209
C      57.33144061      53.46230074      67.77617602
H      56.19193564      52.36248003      69.08575636
C      57.69426806      55.98697510      68.16545965
H      56.62657269      56.75231425      69.74527084
C      59.51218477      57.47796916      66.91635055
N      59.75784919      59.86280377      67.73271232
H      60.57421096      61.27820877      66.73115737
H      58.22906061      60.58089976      68.63978095
 %endblock positions_abs
