 %block lattice_cart
   139.252   0.000   0.000
   0.000 142.425   0.000
   0.000   0.000   162.84
 %endblock lattice_cart

 %block positions_abs
O      62.62267429      58.89809848      62.42730570
H      63.05353188      60.68577958      62.49344611
C      61.10333433      58.03827301      64.20175871
C      60.35500271      55.55139318      63.85593878
H      61.17703366      54.47991836      62.30825293
C      58.94337715      54.34196834      65.72865756
H      58.51818873      52.37098380      65.33937395
C      57.96638866      55.74414527      67.73743663
H      56.80042751      54.98447529      69.24543822
C      58.61834423      58.25559154      68.08514627
H      57.97205784      59.31194855      69.72731844
C      60.09233076      59.33651499      66.16707407
N      60.88979525      61.72134960      66.49588644
H      61.63056798      62.63219768      64.98221566
H      60.20382460      62.87219292      67.86782774
 %endblock positions_abs
