 %block lattice_cart
   139.252   0.000   0.000
   0.000 142.425   0.000
   0.000   0.000   162.84
 %endblock lattice_cart

 %block positions_abs
O      62.09449578      57.96173909      63.40712878
H      62.98455687      59.41871808      64.09309943
C      60.59216336      56.70696082      64.89056394
C      59.92320025      54.25598579      64.42002208
H      60.83026888      53.47552883      62.74761430
C      58.22433629      52.75176365      65.84298601
H      57.69143347      50.84880925      65.28362702
C      57.30781903      53.81567956      68.15412129
H      55.81304552      52.99364862      69.30118515
C      58.00512804      56.31389775      68.70970082
H      57.35884164      57.12081088      70.48415382
C      59.57171115      57.76520756      67.06941837
N      60.06303999      60.21429286      67.69680751
H      59.94209751      60.95695530      69.45992216
H      61.18931688      61.18561218      66.49116212
 %endblock positions_abs
