 %block lattice_cart
   139.252   0.000   0.000
   0.000 142.425   0.000
   0.000   0.000   162.84
 %endblock lattice_cart

 %block positions_abs
O      63.40218639      58.68455940      64.31041797
H      63.86138989      60.37019528      64.89056394
C      61.72221970      57.76993187      66.12077577
C      60.85483532      55.29628012      65.76550723
H      61.12695591      54.35708615      63.96081860
C      59.21644261      54.23425394      67.56263695
H      58.37173495      52.37476324      67.34153897
C      58.43976509      55.65532812      69.70936604
H      57.26057587      54.84274582      71.18146284
C      59.50368101      58.05150109      70.08920103
H      58.90652749      59.14376290      71.72381429
C      60.92664492      59.13998344      68.24860760
N      61.79402930      61.51347970      68.49238230
H      61.83560328      62.05016197      70.33108600
H      63.57982066      61.74591604      67.83097809
 %endblock positions_abs
