 %block lattice_cart
   139.252   0.000   0.000
   0.000 142.425   0.000
   0.000   0.000   162.84
 %endblock lattice_cart

 %block positions_abs
O      61.54930974      58.38598265      62.63517559
H      62.53763660      59.64076093      63.54791340
C      60.37767943      56.96868792      64.46632039
C      59.28163816      54.58385331      63.84837988
H      59.68603959      53.52182712      62.13628784
C      57.85300507      53.30261887      65.75511373
H      56.91003164      51.57351930      65.17685748
C      57.44293446      54.39866013      68.14372779
H      55.88202053      53.87142649      69.37204990
C      58.48039421      56.79861255      68.58781348
H      58.05331606      57.81528531      70.31880278
C      60.01485197      57.91355108      66.92485432
N      61.16380557      60.02059591      67.74877499
H      61.67781113      59.67855545      69.56291225
H      62.22961121      61.09396046      66.57147550
 %endblock positions_abs
