 %block lattice_cart
   139.252   0.000   0.000
   0.000 142.425   0.000
   0.000   0.000   162.84
 %endblock lattice_cart

 %block positions_abs
O      61.93859336      57.22002152      62.86761192
H      62.17102970      58.88298068      63.61972300
C      60.23972940      55.99925832      64.41151833
C      59.96571909      53.47458397      63.72365794
H      61.18837201      52.79617222      62.21565634
C      58.23284006      51.94768511      65.05969444
H      57.99851400      49.94079576      64.69308754
C      56.78153025      53.14010241      66.92107487
H      55.30754373      52.12531938      67.93018872
C      57.14246798      55.62698224      67.64861949
H      56.08989043      56.54349950      69.15662109
C      58.82810386      57.06695369      66.30880355
N      59.17392376      59.42911158      67.09115023
H      60.48917328      60.63475697      66.39384123
H      58.36701063      59.72390888      68.80324228
 %endblock positions_abs
