 %block lattice_cart
   139.252   0.000   0.000
   0.000 142.425   0.000
   0.000   0.000   162.84
 %endblock lattice_cart

 %block positions_abs
O      61.88473615      57.46474107      64.14695664
H      61.97733274      59.29777560      64.30947310
C      59.69643309      56.72207864      65.48677259
C      58.66275280      54.31645703      64.83103756
H      59.68131528      53.17884179      63.45531681
C      56.30815381      53.61158912      65.49433150
H      55.41242354      51.83713611      64.97465676
C      55.03447827      55.31423254      67.04201735
H      53.28459170      54.70952012      67.93207844
C      55.95477499      57.68205960      67.82058459
H      54.78125495      59.00108857      68.86938270
C      58.35661714      58.47385492      66.94942076
N      59.26557548      60.76231350      67.53523592
H      60.86617367      61.33301083      66.64517482
H      58.66464251      61.78087598      69.04323752
 %endblock positions_abs
