 %block lattice_cart
   139.252   0.000   0.000
   0.000 142.425   0.000
   0.000   0.000   162.84
 %endblock lattice_cart

 %block positions_abs
O      62.37889959      60.24074902      63.55925175
H      62.48850372      61.98496642      64.13939773
C      60.56476233      59.17494339      65.10126842
C      59.61800945      56.74664508      64.52868135
H      60.69704317      55.67517025      63.14729142
C      57.56009749      55.55233804      65.86849731
H      56.95349535      53.62481720      65.51133903
C      56.42626170      56.92616908      67.83192295
H      54.78597926      56.13248402      68.78056556
C      57.44860364      59.27509887      68.61049019
H      56.78530970      60.25208739      70.29045688
C      59.44604435      60.37491960      67.24799752
N      60.49673218      62.51597951      68.03223394
H      60.57043151      62.68983433      69.94085751
H      62.12756599      62.78432065      67.06280434
 %endblock positions_abs
