 %block lattice_cart
   139.252   0.000   0.000
   0.000 142.425   0.000
   0.000   0.000   162.84
 %endblock lattice_cart

 %block positions_abs
O      61.37262033      58.17244358      62.85343898
H      62.17008484      59.54249516      63.78507405
C      60.14807768      56.66822143      64.62033308
C      59.25612686      54.35141697      63.79830214
H      59.50557074      53.70135112      61.86511212
C      58.19788013      52.74892906      65.59732159
H      57.43443070      50.95179934      64.96237355
C      58.05048147      53.41789218      68.06908361
H      57.13774367      52.47869820      69.65267425
C      59.04447752      55.76493226      68.91379127
H      58.83471789      56.15043642      70.92257033
C      60.14051878      57.33340510      67.11855127
N      61.31214909      59.51603899      67.89144932
H      62.05859098      60.80105288      66.68013477
H      61.94709713      59.55572324      69.69802768
 %endblock positions_abs
