 %block lattice_cart
   139.252   0.000   0.000
   0.000 142.425   0.000
   0.000   0.000   162.84
 %endblock lattice_cart

 %block positions_abs
O      62.68503526      57.38631743      64.60993958
H      62.45070920      59.15321154      65.06725336
C      61.00128910      55.94634598      66.06124940
C      60.68381508      53.44812780      65.17685748
H      61.61356044      52.86231264      63.43830927
C      59.01896620      51.94201593      66.47698918
H      58.76763261      50.09386359      65.61338425
C      57.71505506      52.86231264      68.61426965
H      56.20894318      51.83052207      69.55724308
C      58.29898049      55.24714725      69.59125814
H      57.37679405      56.02193504      71.25610703
C      59.82965880      56.88931941      68.13049971
N      60.16791981      59.28549238      68.71631487
H      59.66525260      59.64076093      70.53045212
H      61.46427206      60.38531309      67.83192295
 %endblock positions_abs
