 %block lattice_cart
   139.252   0.000   0.000
   0.000 142.425   0.000
   0.000   0.000   162.84
 %endblock lattice_cart

 %block positions_abs
O      61.59655290      57.87008737      62.49250125
H      62.05575638      59.52926707      63.13878766
C      60.58365958      56.52460223      64.56553102
C      59.85800468      54.07362721      64.19703438
H      60.29831092      53.15899967      62.41124303
C      58.14024346      52.90955580      65.89400862
H      57.50340569      51.00093222      65.48393800
C      57.51474405      54.40243958      68.02750962
H      56.22406098      53.53505521      69.36921530
C      58.55409352      56.79105364      68.55852271
H      58.06843387      57.73591680      70.31407846
C      60.19059651      57.82473394      66.80107725
N      60.92758978      60.31728294      66.97304234
H      62.30897971      60.70089739      65.70314626
H      60.94648704      60.95601044      68.77962069
 %endblock positions_abs
