 %block lattice_cart
   139.252   0.000   0.000
   0.000 142.425   0.000
   0.000   0.000   162.84
 %endblock lattice_cart

 %block positions_abs
O      63.09699559      57.19545507      62.25250601
H      63.37289563      58.85085533      63.00650681
C      61.29041723      56.08429600      63.62444731
C      60.57043151      53.62765180      63.04808079
H      61.60222207      52.63365576      61.57409426
C      58.76952233      52.38799133      64.46537552
H      58.18937635      50.47747803      63.97971586
C      57.62812764      53.60686481      66.51005939
H      56.26941442      52.64121466      67.71003560
C      58.19315580      56.09941381      67.04863139
H      57.12357071      57.04616670      68.52639737
C      60.13201500      57.27860303      65.67102091
N      60.54775479      59.77493149      66.24171826
H      59.60667109      60.54405010      67.72137396
H      62.04441803      60.67444122      65.45559211
 %endblock positions_abs
