 %block lattice_cart
   139.252   0.000   0.000
   0.000 142.425   0.000
   0.000   0.000   162.84
 %endblock lattice_cart

 %block positions_abs
O      60.31248387      55.83201753      63.16996814
H      60.44098526      57.62914727      62.79202288
C      59.05392615      55.76020793      65.36205066
C      57.70655128      53.60591994      66.01022679
H      58.11095272      51.93351216      64.89150881
C      56.38752232      53.49820554      68.21364766
H      55.42754135      51.76532651      68.75599912
C      56.36673533      55.46352091      69.86715818
H      55.13085432      55.42383666      71.50744063
C      57.54781427      57.66316234      69.19819508
H      57.59694716      59.29021669      70.45108362
C      58.80259255      57.93717265      66.91729542
N      59.89107490      60.21051341      66.23132477
H      61.26490593      60.09712983      64.89906772
H      58.93298366      61.74497118      66.86627280
 %endblock positions_abs
