 %block lattice_cart
   139.252   0.000   0.000
   0.000 142.425   0.000
   0.000   0.000   162.84
 %endblock lattice_cart

 %block positions_abs
O      60.83215860      58.68455942      61.96810220
H      61.10805865      60.41554871      62.52935091
C      59.01991107      57.50537019      63.37216885
C      58.12796025      54.97124720      62.96398797
H      58.98022682      53.82418334      61.49000145
C      56.38752232      53.90733129      64.68741836
H      55.75446400      51.96658237      64.47387928
C      55.14030295      55.50792947      66.39195150
H      53.76836165      54.69723689      67.68641402
C      55.98501061      57.95512505      66.80013238
H      55.01558101      59.01148206      68.27222917
C      57.88796501      59.00959234      65.24299790
N      58.86873296      61.33962488      65.83448223
H      57.88229583      62.36763600      67.11760640
H      60.38618319      61.98969073      64.86505263
 %endblock positions_abs
