 %block lattice_cart
   139.252   0.000   0.000
   0.000 142.425   0.000
   0.000   0.000   162.84
 %endblock lattice_cart

 %block positions_abs
O      60.36161675      57.45718217      62.27518273
H      61.07215385      59.13525913      62.53407524
C      58.79692337      56.58034917      64.20081383
C      58.23756438      53.99142412      64.41057346
H      58.78936446      52.84813970      62.79485746
C      56.71066552      53.00120752      66.25494635
H      56.23445449      51.01132571      66.43069089
C      55.85084004      54.62826189      68.19758499
H      54.69054809      53.92906315      69.74149138
C      56.50279562      57.20395885      68.28640212
H      55.95099554      58.40204533      69.86054415
C      57.75190472      58.09968912      66.14534221
N      58.23378493      60.68294498      66.12266551
H      59.17675836      61.24986288      64.55419267
H      58.81015145      61.53899100      67.73838149
 %endblock positions_abs
