 %block lattice_cart
   139.252   0.000   0.000
   0.000 142.425   0.000
   0.000   0.000   162.84
 %endblock lattice_cart

 %block positions_abs
O      61.55214433      58.93872760      62.96115338
H      62.68031094      60.28799218      63.50539456
C      59.98745095      57.85591442      64.71859885
C      58.70054733      55.70351614      64.09120971
H      58.83282817      54.72463792      62.28841081
C      57.15475120      54.49031186      65.85999354
H      56.35161752      52.65349787      65.41023868
C      56.69743743      55.45407228      68.28451240
H      55.55415301      54.42795089      69.64511535
C      57.92953899      57.72930276      68.85709948
H      57.70277183      58.56267205      70.72036962
C      59.57549061      58.94628651      67.16957388
N      60.87940176      61.11191285      68.08042196
H      62.12284168      62.02465066      66.94280672
H      61.24600867      61.12703067      69.96069964
 %endblock positions_abs
