 %block lattice_cart
   139.252   0.000   0.000
   0.000 142.425   0.000
   0.000   0.000   162.84
 %endblock lattice_cart

 %block positions_abs
O      61.01924150      57.10663794      64.95481463
H      61.20065523      58.87731150      65.42724621
C      59.01802135      55.91988982      66.19447510
C      58.58149456      53.34797231      65.49149690
H      59.66052828      52.71491399      63.86255283
C      56.58594357      52.00815635      66.56486145
H      56.10028391      50.18079100      65.76172777
C      55.24612762      53.00971130      68.49994120
H      53.63797053      52.05162005      69.34653859
C      55.88107566      55.41722262      69.33708995
H      54.80582139      56.25626110      70.87532717
C      57.76324307      56.96490847      68.29963020
N      57.95977460      59.41210404      69.00071868
H      58.01457666      59.87130754      70.86209908
H      58.75156993      60.57995491      67.70247670
 %endblock positions_abs
