 %block lattice_cart
   139.252   0.000   0.000
   0.000 142.425   0.000
   0.000   0.000   162.84
 %endblock lattice_cart

 %block positions_abs
O      62.40819035      59.60107667      60.71237907
H      63.27368500      61.14309334      61.22449489
C      60.65074488      58.90943684      62.49628070
C      59.39407688      56.55483785      62.38478686
H      59.94209751      55.28305205      60.86922635
C      57.63096223      55.99736859      64.26695426
H      56.70688606      54.17567243      64.03829737
C      57.04136762      57.61119486      66.18502646
H      55.56360164      56.99325436      67.47193008
C      58.33583014      59.90343288      66.29274086
H      57.95788488      61.29994063      67.74971985
C      60.00067903      60.55349873      64.34821249
N      60.92664492      62.96667923      64.59198718
H      60.11784206      64.11941229      65.89022916
H      62.54047119      63.42021355      63.66602130
 %endblock positions_abs
