 %block lattice_cart
   139.252   0.000   0.000
   0.000 142.425   0.000
   0.000   0.000   162.84
 %endblock lattice_cart

 %block positions_abs
O      62.44976433      57.97874663      63.84460043
H      63.52690833      59.26753998      64.60049095
C      60.55058938      57.11136226      65.34693285
C      59.34116454      55.00431742      64.67608001
H      59.98367149      53.88748917      63.07548182
C      57.29459095      54.03677754      66.12550009
H      56.55948741      52.23019919      65.47921369
C      56.66153263      55.21596676      68.33270042
H      55.14786185      54.39204609      69.44952867
C      57.92386981      57.43639518      69.01111217
H      57.76324307      58.34535354      70.84792614
C      59.91186189      58.32267682      67.56358181
N      61.18175797      60.43728057      68.29679562
H      61.99245056      61.41048962      66.86249335
H      62.19465128      60.34090452      69.92007052
 %endblock positions_abs
