 %block lattice_cart
   139.252   0.000   0.000
   0.000 142.425   0.000
   0.000   0.000   162.84
 %endblock lattice_cart

 %block positions_abs
O      63.85572071      56.67767007      63.34098836
H      63.99933991      58.37086484      64.04396655
C      62.04536290      55.49659112      64.62033308
C      61.15530181      53.16655858      63.87389118
H      62.10394442      52.31240228      62.26762382
C      59.13140493      52.07240704      65.24772221
H      58.39441167      50.25260060      64.63734061
C      58.02402531      53.44056889      67.25083211
H      56.39319150      52.58074342      68.15223156
C      58.78747474      55.86886721      67.83097808
H      57.98245133      56.96679819      69.36921530
C      60.81893053      56.88176051      66.45714705
N      61.60127722      59.26092594      67.26028074
H      60.65263461      60.16232539      68.65867821
H      63.27935419      60.00925756      66.71414983
 %endblock positions_abs
