 %block lattice_cart
   139.252   0.000   0.000
   0.000 142.425   0.000
   0.000   0.000   162.84
 %endblock lattice_cart

 %block positions_abs
O      62.80692260      58.73747175      62.91296536
H      63.27179527      60.49113776      63.22665992
C      60.70932639      58.16299495      64.34159845
C      59.76257351      55.67611513      64.40962860
H      60.72822365      54.33818890      63.18319622
C      57.69332319      55.01093145      65.99132952
H      57.09616968      53.04561609      66.07258776
C      56.61995865      56.82695845      67.52578729
H      54.99668374      56.27515837      68.65773334
C      57.49490193      59.37430952      67.44074961
H      56.65586345      60.74814054      68.72198404
C      59.52635772      59.96579386      65.98755006
N      60.42964689      62.40354079      66.12550008
H      61.52379843      62.95912034      64.65151357
H      59.40541523      63.80382799      66.93619268
 %endblock positions_abs
