 %block lattice_cart
   139.252   0.000   0.000
   0.000 142.425   0.000
   0.000   0.000   162.84
 %endblock lattice_cart

 %block positions_abs
O      59.79469887      56.69656733      63.23988801
H      59.88540572      58.41243882      63.90318194
C      58.57015620      55.31706712      65.05969445
C      57.74434582      52.85097429      64.56269643
H      58.25457191      51.92689812      62.79958178
C      56.50279562      51.33730350      66.28990628
H      55.91509073      49.40978266      65.89306375
C      55.74312564      52.42767559      68.58403402
H      54.58094397      51.40722338      69.93518834
C      56.31760244      54.94668076      68.99788408
H      55.53147629      55.83863159      70.67218160
C      57.48167385      56.49058716      67.19697491
N      57.78025061      58.95101082      67.67696539
H      56.78625458      59.78626986      69.08670122
H      58.11473216      59.97335275      66.09148502
 %endblock positions_abs
