 %block lattice_cart
   139.252   0.000   0.000
   0.000 142.425   0.000
   0.000   0.000   162.84
 %endblock lattice_cart

 %block positions_abs
O      61.56537241      57.41466334      62.01440050
H      62.46677186      58.81495053      62.79863692
C      60.03091465      56.21468712      63.76239733
C      58.89329941      53.91866966      63.11800066
H      59.23911933      53.08341062      61.27551751
C      57.33049575      52.65255303      64.87544613
H      56.26846956      50.93479181      64.49939060
C      56.75034977      53.84308060      67.19603005
H      55.31037832      52.95301951      68.36199118
C      57.75190472      56.18823095      67.69869724
H      57.65552867      56.88553996      69.62810781
C      59.45265840      57.33529482      66.05085590
N      60.68098050      59.53493625      66.66690668
H      60.89074011      59.52926707      68.57175080
H      62.28724787      59.96201440      65.71448462
 %endblock positions_abs
