 %block lattice_cart
   139.252   0.000   0.000
   0.000 142.425   0.000
   0.000   0.000   162.84
 %endblock lattice_cart

 %block positions_abs
O      62.11244818      61.09773991      61.42291616
H      63.06864970      62.43566614      62.24683684
C      60.94648705      59.69745272      63.21437670
C      60.07154377      57.21435234      62.58320811
H      60.34933353      56.40554948      60.71615852
C      58.65046958      55.77438089      64.29341042
H      58.07032360      53.85063950      63.87011174
C      57.81710028      57.08774068      66.41935254
H      56.45649733      56.14098780      67.63444655
C      58.54842436      59.48958282      67.13177935
H      57.69615779      60.35696720      68.78528987
C      60.20382461      60.73491246      65.57653459
N      61.05231172      62.98557650      66.45525733
H      62.51873933      63.85485061      65.58409349
H      61.02774528      62.87597237      68.36955009
 %endblock positions_abs
