 %block lattice_cart
   139.252   0.000   0.000
   0.000 142.425   0.000
   0.000   0.000   162.84
 %endblock lattice_cart

 %block positions_abs
O      60.08099240      58.54188508      63.38445207
H      60.63657192      60.19161615      63.98160558
C      58.76952233      57.13781843      65.14567699
C      58.46905584      54.62637216      64.39545565
H      59.14557786      54.07646180      62.53596495
C      57.15380633      52.85380887      65.78440449
H      56.78153025      50.99242846      64.99638861
C      56.03697809      53.51332336      68.06152469
H      54.99573889      52.07335191      69.08575636
C      56.28075277      55.99075455      68.88733509
H      55.41147867      56.55200327      70.65989837
C      57.65647353      57.77654592      67.46059173
N      58.12323593      60.17082916      68.05774524
H      57.81710028      60.76420322      69.85298524
H      59.24573336      60.93994777      66.70659093
 %endblock positions_abs
