 %block lattice_cart
   139.252   0.000   0.000
   0.000 142.425   0.000
   0.000   0.000   162.84
 %endblock lattice_cart

 %block positions_abs
O      62.89196028      58.22157647      63.94759052
H      63.56848230      59.81839520      64.56553102
C      61.14018400      57.26726468      65.60110103
C      59.99878930      55.02415954      64.89434339
H      60.22744618      54.28905601      62.98949928
C      58.31504315      53.69379222      66.51194913
H      57.41931288      51.91933921      65.99038465
C      57.63852113      54.84652527      68.77206180
H      56.20232913      53.94890527      69.93802293
C      58.71755486      57.21435234      69.51472423
H      58.17142396      57.96079423      71.34964848
C      60.56570720      58.35574703      67.98215620
N      61.55970324      60.66310286      68.60576588
H      62.53669174      61.41710366      67.13933825
H      61.95654577      60.91065701      70.46525657
 %endblock positions_abs
