 %block lattice_cart
   139.252   0.000   0.000
   0.000 142.425   0.000
   0.000   0.000   162.84
 %endblock lattice_cart

 %block positions_abs
O      61.24411894      56.95357010      63.00934140
H      61.51434980      58.51826349      63.94097647
C      59.73044816      55.45312741      64.47198956
C      59.17486863      53.06451335      63.50444969
H      60.00067903      52.52594135      61.70354051
C      57.46844577      51.41100282      64.85371428
H      56.88641006      49.53828404      64.24522241
C      56.41397849      52.28783583      67.16107011
H      55.19888447      51.08785963      68.30624425
C      57.11884640      54.61597866      68.09459491
H      56.40264013      55.24336779      69.91440134
C      58.84605625      56.13342889      66.77934539
N      59.65296939      58.29527579      67.85459966
H      61.24033949      58.86219368      66.94753103
H      59.73422762      58.35952647      69.76889242
 %endblock positions_abs
