 %block lattice_cart
   139.252   0.000   0.000
   0.000 142.425   0.000
   0.000   0.000   162.84
 %endblock lattice_cart

 %block positions_abs
O      60.80381270      58.41810800      63.49027674
H      60.55058938      60.17744320      63.97215695
C      59.45076866      56.90254750      65.17213316
C      59.28069330      54.32874026      64.57875910
H      60.28035852      53.65221824      62.91768967
C      58.14874724      52.72247290      66.43824979
H      58.33583014      50.68156848      66.31919704
C      57.14152311      53.82607306      68.68702411
H      56.21933667      52.49948519      69.95692019
C      57.16419983      56.48680771      68.98749059
H      56.21555722      57.29939003      70.61832440
C      58.29614589      57.96835314      67.23760402
N      58.09772462      60.52137339      67.66657190
H      59.17675835      61.64387082      66.54974365
H      57.97867187      60.93144400      69.53362150
 %endblock positions_abs
