 %block lattice_cart
   139.252   0.000   0.000
   0.000 142.425   0.000
   0.000   0.000   162.84
 %endblock lattice_cart

 %block positions_abs
O      60.27941366      57.50631505      64.37277893
H      60.25673694      59.15415640      65.18914070
C      59.01140730      56.11358676      66.00361274
C      58.70338191      53.57001514      65.57275514
H      59.46305189      52.74987392      63.85121447
C      57.06498920      52.18106630      67.10532318
H      56.67948503      50.23086875      66.58753817
C      55.99540411      53.38293224      69.09898444
H      54.68393405      52.25287590      70.20636406
C      56.50185076      55.89059906      69.73204276
H      55.64958419      56.82034440      71.35531766
C      58.11567703      57.34001914      68.15034183
N      58.56543189      59.88359076      68.73615699
H      59.90902730      60.65648882      67.60799038
H      58.68637438      60.23130040      70.61643467
 %endblock positions_abs
