 %block lattice_cart
   139.252   0.000   0.000
   0.000 142.425   0.000
   0.000   0.000   162.84
 %endblock lattice_cart

 %block positions_abs
O      61.93292418      58.18661652      59.79397207
H      62.32031807      59.95917981      60.10577692
C      60.45137875      57.20584857      61.69692647
C      59.79375399      54.66794613      61.64212441
H      60.43437121      53.45285211      60.11144610
C      57.85867425      53.66828091      63.22571506
H      57.32199197      51.71241418      62.90446159
C      56.55287336      55.39549076      64.76773173
H      55.31888208      54.58479817      66.19636482
C      57.33899951      57.83512743      64.93969683
H      56.51129938      58.93872760      66.46281623
C      59.27974843      58.75542414      63.45059249
N      59.72383412      61.28954713      63.76050761
H      61.49639740      61.98685614      63.55830689
H      58.74873534      62.03031984      65.23260440
 %endblock positions_abs
