 %block lattice_cart
   139.252   0.000   0.000
   0.000 142.425   0.000
   0.000   0.000   162.84
 %endblock lattice_cart

 %block positions_abs
O      61.69198408      56.84018653      61.96337788
H      61.86394917      58.57684501      62.54919304
C      59.79469886      56.12209053      63.45626166
C      58.74401102      53.69190249      62.97438145
H      59.22022206      52.69223727      61.24339215
C      56.71633470      52.88876881      64.45970635
H      56.18532159      50.94801989      64.04018709
C      55.73934618      54.37598342      66.49683131
H      54.37874324      53.75615319      67.90656713
C      56.53492096      56.86286325      66.65178887
H      56.02091540      57.97969150      68.29585075
C      58.59661237      57.73024762      65.17591262
N      59.48100428      60.06594935      65.70503598
H      58.36795549      61.12797553      66.84832040
H      61.05514631      60.57050627      64.73182694
 %endblock positions_abs
