 %block lattice_cart
   139.252   0.000   0.000
   0.000 142.425   0.000
   0.000   0.000   162.84
 %endblock lattice_cart

 %block positions_abs
O      61.39057272      57.44206436      65.05024582
H      61.79119470      59.23163517      65.19386502
C      59.22494636      56.63515123      66.25400148
C      58.65991820      54.16716867      65.68519386
H      59.90146839      53.10892193      64.43797449
C      56.60578569      53.05411987      66.88139062
H      56.10878768      51.12848874      66.37116451
C      55.15258617      54.39204609      68.55946758
H      53.57844414      53.50765417      69.54023554
C      55.77808557      56.90916155      69.22843070
H      54.56488128      57.90882677      70.55123912
C      57.83977699      57.96362883      68.05869011
N      58.70149218      60.14437299      68.93930257
H      58.21394279      60.76609294      70.68351996
H      60.19248624      60.93616832      68.03601339
 %endblock positions_abs
