 %block lattice_cart
   139.252   0.000   0.000
   0.000 142.425   0.000
   0.000   0.000   162.84
 %endblock lattice_cart

 %block positions_abs
O      62.05670125      58.32173196      63.92207921
H      63.07715346      59.66721709      64.65151357
C      60.51090513      57.08585095      65.57181028
C      59.37895907      54.89565815      64.70064645
H      59.91942079      54.26826902      62.82036877
C      57.89552391      53.41411272      66.27100902
H      57.27947314      51.56218094      65.62661234
C      57.33994438      54.26259984      68.72954294
H      56.26091065      53.10797706      70.04479247
C      58.50779524      56.35641659      69.49866155
H      58.36795549      56.87609133      71.48098445
C      60.21043865      57.73213735      68.04168257
N      61.26679566      59.78815958      69.11882657
H      62.24756361      60.93522345      67.94152708
H      61.75812450      59.73146779      70.97075836
 %endblock positions_abs
