 %block lattice_cart
   139.252   0.000   0.000
   0.000 142.425   0.000
   0.000   0.000   162.84
 %endblock lattice_cart

 %block positions_abs
O      60.51090513      56.51420873      62.89123351
H      61.17986824      58.21685214      63.09910340
C      58.65141443      55.89437850      64.57308992
C      57.47600467      53.55678706      64.24805700
H      58.13551915      52.39271564      62.68714306
C      55.52958656      52.82168352      65.81464011
H      54.78503440      50.91117022      65.68613872
C      54.74157069      54.41850225      67.75160958
H      53.51513831      53.68906791      69.22748583
C      55.96611334      56.68239438      68.16734937
H      55.64863932      57.75197947      69.89266950
C      57.89741363      57.55544793      66.52517721
N      59.24289877      59.77965580      66.88989438
H      60.97766752      59.86091404      66.07542234
H      59.34116454      60.12547573      68.77206179
 %endblock positions_abs
