 %block lattice_cart
   139.252   0.000   0.000
   0.000 142.425   0.000
   0.000   0.000   162.84
 %endblock lattice_cart

 %block positions_abs
O      64.65318521      58.00142335      61.32748498
H      65.10671953      59.47729960      62.32715020
C      62.82204041      56.82601358      62.68430847
C      62.00567865      54.38637691      61.96999193
H      62.63117806      53.53411035      60.20687727
C      60.36539621      53.17695208      63.62350244
H      59.30903920      51.48186757      63.15485032
C      59.57549061      54.23519880      65.86093840
H      58.35850686      53.05411987      67.01745091
C      60.39941128      56.56523135      66.61304947
H      59.73989680      57.47796917      68.32892097
C      61.98867111      57.91638567      64.97843622
N      62.85605549      60.19728532      65.98188088
H      63.86327961      61.21017862      64.70442590
H      63.84060290      59.98752570      67.61271470
 %endblock positions_abs
