 %block lattice_cart
   139.252   0.000   0.000
   0.000 142.425   0.000
   0.000   0.000   162.84
 %endblock lattice_cart

 %block positions_abs
O      63.38517885      56.41499811      63.12272498
H      63.66107890      58.20267920      63.47232434
C      61.18931688      55.67233567      64.38884161
C      60.19154138      53.36497984      63.84649015
H      60.82837914      52.33696872      62.18731045
C      58.32638151      52.23492350      65.36205066
H      57.69332319      50.32063075      64.95198005
C      57.22278135      53.53316548      67.38972699
H      55.65997769      52.78483386      68.48954771
C      58.08260681      55.94256653      67.78656952
H      57.35506218      57.00270299      69.38716770
C      60.14051878      57.01215162      66.49777617
N      61.22711141      59.24769785      67.24799752
H      62.81826095      59.85052054      66.36738506
H      61.21955250      59.42911158      69.15473137
 %endblock positions_abs
