 %block lattice_cart
   139.252   0.000   0.000
   0.000 142.425   0.000
   0.000   0.000   162.84
 %endblock lattice_cart

 %block positions_abs
O      61.52474330      58.42188745      62.31581183
H      62.58110031      59.72768834      63.06792291
C      59.95060128      57.14443247      63.90318195
C      58.98873059      54.75770813      63.33626405
H      59.69737796      53.73914565      61.69787134
C      57.14435771      53.64843879      64.96520813
H      56.51696857      51.73792549      64.54001970
C      56.18815619      55.05817462      66.94564131
H      54.71227994      54.19456969      68.08325655
C      57.22372621      57.45623731      67.62216333
H      56.57743981      58.45590253      69.29835056
C      59.07376827      58.33307032      66.12738982
N      60.32476709      60.44767406      67.02878927
H      61.91402692      60.91443646      66.06313911
H      60.25862667      60.97112825      68.86938270
 %endblock positions_abs
