 %block lattice_cart
   139.252   0.000   0.000
   0.000 142.425   0.000
   0.000   0.000   162.84
 %endblock lattice_cart

 %block positions_abs
O      62.75023082      54.54416906      63.13406334
H      63.40029667      56.22791520      63.50067025
C      60.75656956      53.58418809      64.54757861
C      60.04603246      51.11809525      63.95042511
H      60.78113600      50.21480607      62.25723033
C      58.36984522      49.86142725      65.55291302
H      58.04670202      47.84697900      65.30346915
C      57.37018000      51.15022060      67.60326606
H      55.98123116      50.26393896      68.82969845
C      58.16008560      53.56907028      68.18530177
H      57.32860602      54.48180809      69.83125338
C      59.79847832      54.87487116      66.70753579
N      60.77546682      57.12553520      67.54468456
H      61.85072109      56.75514884      69.08670122
H      61.76946286      58.04583191      66.19164052
 %endblock positions_abs
