 %block lattice_cart
   139.252   0.000   0.000
   0.000 142.425   0.000
   0.000   0.000   162.84
 %endblock lattice_cart

 %block positions_abs
O      61.44065047      58.37653402      64.85276941
H      62.34016020      59.86941781      65.44425375
C      60.01579683      57.34285373      66.64989914
C      59.08416176      54.90132733      66.23793880
H      59.84005229      53.83930114      64.65245843
C      57.49490194      53.79016826      67.91601577
H      57.23222997      51.78705836      67.53807051
C      56.66720181      55.18100682      70.09675993
H      55.50502013      54.30228409      71.54429029
C      57.46655604      57.65843802      70.26116612
H      56.88829980      58.61463953      71.98459652
C      59.09361039      58.81872998      68.59064806
N      59.87784681      61.24891801      68.90812208
H      61.40285595      61.84796126      67.91034659
H      59.35439262      62.21645789      70.47659492
 %endblock positions_abs
