 %block lattice_cart
   139.252   0.000   0.000
   0.000 142.425   0.000
   0.000   0.000   162.84
 %endblock lattice_cart

 %block positions_abs
O      60.82365483      59.02659987      62.06258852
H      61.09766515      60.66877204      62.84871466
C      59.90524784      57.47324484      63.86727715
C      58.62023395      55.23769861      63.24744692
H      58.16858936      54.71424443      61.31425690
C      57.69048861      53.78827853      65.24110818
H      56.63413160      52.05917896      64.91796498
C      57.80009273      54.61408893      67.71853937
H      56.74562545      53.77127100      69.26622522
C      58.86778810      56.98191600      68.38183331
H      58.95471551      57.67544556      70.31313360
C      59.96571909      58.34440867      66.41651794
N      60.90491306      60.61019052      66.94375158
H      62.18425778      61.28860227      65.68519386
H      60.69515344      61.31316871      68.71064569
 %endblock positions_abs
