 %block lattice_cart
   139.252   0.000   0.000
   0.000 142.425   0.000
   0.000   0.000   162.84
 %endblock lattice_cart

 %block positions_abs
O      59.02463539      61.18750191      62.65029340
H      59.66903207      62.39881648      63.87483605
C      57.77174685      59.44139479      64.11105184
C      56.78908916      57.18884103      63.01312085
H      56.86089876      56.93939715      60.97599589
C      55.24707249      55.55989695      64.49088683
H      54.41181346      53.97441658      63.48744216
C      54.76141283      56.22508061      66.97587693
H      53.43104551      55.06100921      68.02089558
C      56.12012605      58.18661653      68.11916135
H      55.96894794      58.38314807      70.15817604
C      57.66025300      59.80044279      66.73021251
N      59.53486150      61.10624368      67.81491541
H      60.40791505      60.55822305      69.42874169
H      60.25295750      62.70306242      67.03445845
 %endblock positions_abs
