 %block lattice_cart
   139.252   0.000   0.000
   0.000 142.425   0.000
   0.000   0.000   162.84
 %endblock lattice_cart

 %block positions_abs
O      61.57576591      59.22880059      62.59454648
H      61.99906460      60.98435633      62.96304310
C      59.67281151      58.58251419      64.16490903
C      58.49929147      56.33373988      63.58098361
H      59.35344776      55.28683150      62.03518749
C      56.39980553      55.57973908      64.77151119
H      55.43415539      53.81851415      64.34632276
C      55.60801021      57.03671807      66.85776903
H      54.00741202      56.41877756      67.99160482
C      56.84389122      59.21179305      67.57586503
H      56.24862743      60.37019528      69.16512486
C      58.92259016      59.97713221      66.22093126
N      60.07154376      62.13708938      66.72359847
H      60.73105824      63.26525599      65.32331127
H      61.38301382      62.12386130      68.12010620
 %endblock positions_abs
