 %block lattice_cart
   139.252   0.000   0.000
   0.000 142.425   0.000
   0.000   0.000   162.84
 %endblock lattice_cart

 %block positions_abs
O      61.10805864      58.56645151      63.13406333
H      61.81103684      60.17460861      63.68397369
C      59.82115503      57.56678629      65.14662186
C      58.73456240      55.12148045      64.75544851
H      59.19376589      54.25598580      62.95075988
C      57.45332795      54.00276247      66.69619743
H      56.50468534      52.18484575      66.56769604
C      57.28703205      55.28210718      69.02811970
H      56.11729146      54.41661253      70.47565006
C      58.37551440      57.65371371      69.53267663
H      57.93898763      58.51542891      71.34870362
C      59.59816732      58.91605087      67.53712564
N      60.57893529      61.30088548      67.98121133
H      60.37484484      62.07567327      69.72164926
H      61.64285119      62.27598427      66.72076388
 %endblock positions_abs
