 %block lattice_cart
   139.252   0.000   0.000
   0.000 142.425   0.000
   0.000   0.000   162.84
 %endblock lattice_cart

 %block positions_abs
O      62.23717012      57.42505682      62.47643858
H      62.61511538      59.14848723      63.00745167
C      60.51562945      56.34980256      63.94097647
C      59.71060604      54.05000562      63.25500582
H      60.24917804      53.06734795      61.53157542
C      58.18748663      52.70452050      64.88772935
H      57.59222284      50.76566130      64.56269643
C      57.42781665      53.79678231      67.21209272
H      56.18815619      52.62326227      68.35348741
C      57.99095509      56.19106555      67.59948661
H      57.18026250      57.28332735      69.14150328
C      59.55375875      57.53277122      66.09715419
N      60.37956915      59.90059830      66.73966114
H      61.39246246      60.95128613      65.50000068
H      60.57043151      60.42972167      68.57269566
 %endblock positions_abs
