 %block lattice_cart
   139.252   0.000   0.000
   0.000 142.425   0.000
   0.000   0.000   162.84
 %endblock lattice_cart

 %block positions_abs
O      61.26301620      54.62920675      62.37439336
H      62.81259178      55.55328291      62.73722081
C      59.81548585      55.74981444      64.24333268
C      58.06937873      54.37031423      65.55291302
H      57.92386981      52.36720435      65.11827596
C      56.98656556      55.39265617      67.73554691
H      55.68832358      54.20779778      68.79757310
C      57.60072661      57.88331546      68.37805385
H      56.77869566      58.58629364      70.12416097
C      59.37328989      59.30627936      66.89272897
H      59.94587696      61.20734404      67.41618316
C      60.32949140      58.28771688      64.79702249
N      61.99811974      59.69934244      63.41185310
H      62.13040058      59.29683074      61.54291378
H      62.10016496      61.53426669      63.95798401
 %endblock positions_abs
