 %block lattice_cart
   139.252   0.000   0.000
   0.000 142.425   0.000
   0.000   0.000   162.84
 %endblock lattice_cart

 %block positions_abs
O      59.06242991      59.86280377      61.46260041
H      60.06965404      61.23852453      62.15612996
C      57.75284958      58.48330355      63.25028150
C      55.84422600      56.80333686      62.58320811
H      55.58533350      56.36492036      60.59332630
C      54.48551278      55.62792709      64.50694950
H      53.20238862      54.11236659      63.98160558
C      54.93337792      56.31956693      66.97871152
H      53.82032912      55.27454828      68.35065282
C      56.71538983      57.94662128      67.76105821
H      57.00829741      58.45306793      69.72826330
C      58.22906061      58.98219131      65.87889080
N      59.88635059      60.77176213      66.57619981
H      60.94837677      61.66938212      65.25906058
H      60.59877741      60.29177164      68.29018158
 %endblock positions_abs
