 %block lattice_cart
   139.252   0.000   0.000
   0.000 142.425   0.000
   0.000   0.000   162.84
 %endblock lattice_cart

 %block positions_abs
O      62.86928357      60.75853404      63.91074084
H      62.62928833      62.37425004      64.76111768
C      60.90774766      59.21651737      64.72899234
C      60.53169212      56.79010879      63.66507642
H      61.59182858      56.17783746      62.01345562
C      58.76479802      55.16116470      64.60049095
H      58.40575002      53.29411511      63.82192371
C      57.18876627      55.87359153      66.66596182
H      55.72233865      54.61314408      67.36516054
C      57.43632042      58.38125833      67.62972224
H      56.44043465      58.80833648      69.37204990
C      59.29392138      60.02720995      66.70753579
N      59.53769608      62.35157332      67.63917086
H      59.71910981      63.71973517      66.30691382
H      58.46433153      62.69739323      69.18496698
 %endblock positions_abs
