 %block lattice_cart
   139.252   0.000   0.000
   0.000 142.425   0.000
   0.000   0.000   162.84
 %endblock lattice_cart

 %block positions_abs
O      62.82015068      59.10218892      61.66196654
H      62.84471713      60.73302274      62.51612283
C      60.85672504      57.96835314      62.95831879
C      60.25201262      55.49659112      62.20242826
H      61.37451005      54.64621428      60.70765475
C      58.55314867      54.00937651      63.51578805
H      58.18654176      52.05162006      63.01501058
C      57.54970400      54.94290132      65.65306851
H      56.14563735      53.73347648      66.53746042
C      58.13173970      57.42789142      66.51100426
H      57.07160324      58.23291482      68.07569764
C      59.72666871      58.99069508      65.14851158
N      60.18587220      61.27726392      66.24077339
H      60.18965166      61.15443170      68.15317642
H      61.73166833      62.30905449      65.77590072
 %endblock positions_abs
