 %block lattice_cart
   139.252   0.000   0.000
   0.000 142.425   0.000
   0.000   0.000   162.84
 %endblock lattice_cart

 %block positions_abs
O      63.36911617      56.51798820      62.72588245
H      63.74706144      58.20362406      63.36272022
C      61.53419192      55.44840310      64.50600464
C      60.57421096      52.97097190      64.09215457
H      61.35088847      51.92406352      62.50478447
C      58.98117168      51.74264980      65.81558497
H      58.21205308      49.84725431      65.63228152
C      57.86434343      53.24309249      67.55224345
H      56.34689321      52.44562799      68.68607924
C      58.78841960      55.71485451      67.95097571
H      57.89079959      56.91105126      69.35693208
C      60.74050688      56.79955741      66.60171112
N      61.45860287      59.15226668      67.17429819
H      63.11778257      59.74564073      66.42218712
H      61.15435694      59.61902908      69.00733271
 %endblock positions_abs
