 %block lattice_cart
   139.252   0.000   0.000
   0.000 142.425   0.000
   0.000   0.000   162.84
 %endblock lattice_cart

 %block positions_abs
O      61.60127721      56.52932655      62.96493283
H      61.27246484      58.14882199      62.15424024
C      59.52068854      56.07390250      64.37655839
C      58.48700824      53.52844116      64.32364605
H      59.41297414      52.10736697      63.16713355
C      56.52358261      52.93695683      65.93558259
H      55.74312564      51.04534079      65.77495586
C      55.17809748      54.83802149      67.19980950
H      53.59072738      54.28811115      68.38088844
C      56.15319625      57.35891641      67.24516293
H      54.94755086      58.75164470      68.15412129
C      58.37740412      57.88237058      65.78629422
N      58.98022681      60.44483947      65.72015380
H      60.37673456      60.92482995      64.49939060
H      58.81393090      61.45395333      67.34342870
 %endblock positions_abs
