 %block lattice_cart
   139.252   0.000   0.000
   0.000 142.425   0.000
   0.000   0.000   162.84
 %endblock lattice_cart

 %block positions_abs
O      62.94487262      57.01876566      64.19703439
H      64.12406184      57.80489181      65.37433388
C      60.95121136      55.86981206      65.49338664
C      59.37706934      54.13315358      64.07609190
H      59.87973654      54.06890289      62.08621009
C      57.40986425      52.85002942      65.34220853
H      56.37051478      51.50265456      64.18947548
C      57.07916215      53.11648083      67.90845686
H      55.54659411      52.10925670      68.83253303
C      58.56448703      54.78132971      69.24071391
H      58.19788012      54.96463316      71.25327244
C      60.49011814      56.11925594      68.04451716
N      61.69198408      58.03165897      69.23882419
H      63.47966517      58.58156932      68.82308440
H      61.14396345      58.33401518      71.05107172
 %endblock positions_abs
