 %block lattice_cart
   139.252   0.000   0.000
   0.000 142.425   0.000
   0.000   0.000   162.84
 %endblock lattice_cart

 %block positions_abs
O      60.41074964      58.62219844      62.96776742
H      61.52946762      60.01114728      63.43075037
C      59.03502888      57.50725991      64.88583963
C      58.29047672      55.04872598      64.60427041
H      59.08416177      54.08685529      62.97532632
C      56.69365798      53.71835865      66.27478847
H      56.20043941      51.77005083      65.85148977
C      55.84706059      54.96935747      68.37238467
H      54.49779600      54.11331145      69.66117802
C      56.67287099      57.51670855      68.73521213
H      55.88107567      58.43700526      70.39250210
C      58.31882261      58.80550189      67.05524543
N      58.77991583      61.30749953      67.63161196
H      59.96855368      62.16165582      66.39195150
H      59.37328989      61.50781052      69.44008004
 %endblock positions_abs
