 %block lattice_cart
   139.252   0.000   0.000
   0.000 142.425   0.000
   0.000   0.000   162.84
 %endblock lattice_cart

 %block positions_abs
O      61.45482343      58.20078946      60.37128346
H      62.12000709      59.81839520      60.94198081
C      59.51596423      57.64332020      61.91518986
C      58.55976272      55.19045546      61.61850283
H      59.39124230      53.74859428      60.41285744
C      56.58877818      54.47991835      63.17752704
H      56.03319864      52.50704409      63.28146199
C      55.33399990      56.00681721      64.81025057
H      53.66726130      55.46068632      65.87794594
C      56.47917405      58.38409293      65.26000544
H      55.57021569      59.65209927      66.59604194
C      58.48228394      59.21557250      63.80113672
N      59.36289639      61.46056735      64.29624502
H      61.02396583      61.78937973      63.39862502
H      59.44226491      62.05772088      66.11416173
 %endblock positions_abs
