 %block lattice_cart
   139.252   0.000   0.000
   0.000 142.425   0.000
   0.000   0.000   162.84
 %endblock lattice_cart

 %block positions_abs
O      62.87211816      58.47007548      63.43452982
H      63.70170801      59.88359076      64.27167857
C      61.61545016      56.93561771      65.21276228
C      60.86333909      54.42039199      64.79702249
H      61.41135972      53.56245624      63.01312085
C      59.69548822      53.06923767      66.70375634
H      59.10400389      51.12092985      66.42596657
C      59.05109155      54.23897826      69.00355326
H      58.09111058      53.07868631      70.40195073
C      59.81643071      56.71829918      69.44574922
H      59.23061555      57.79922264      71.08981112
C      61.09955487      58.08457131      67.61460442
N      61.75528990      60.48641345      68.22876547
H      60.94648704      61.23663480      69.79534860
H      62.73983731      61.65426431      67.07036324
 %endblock positions_abs
