 %block lattice_cart
   139.252   0.000   0.000
   0.000 142.425   0.000
   0.000   0.000   162.84
 %endblock lattice_cart

 %block positions_abs
O      62.23905984      58.41716313      63.11894552
H      63.47305113      59.60013181      63.79546754
C      60.73294798      57.37970338      65.00867184
C      59.46305190      55.24053320      64.41907723
H      59.87312251      54.51298857      62.54257900
C      57.83410781      54.02165974      66.11605146
H      56.84956040      52.29633961      65.58692809
C      57.33899952      55.00620715      68.50277579
H      56.09933906      54.06323371      69.84259175
C      58.67692575      57.23230473      69.14717246
H      58.40480516      58.36236107      70.84225697
C      60.38145887      58.40204533      67.39917562
N      61.71749539      60.48074426      68.21364766
H      62.59999757      60.27098464      69.90117326
H      62.98550173      61.16104574      66.94942076
 %endblock positions_abs
