 %block lattice_cart
   139.252   0.000   0.000
   0.000 142.425   0.000
   0.000   0.000   162.84
 %endblock lattice_cart

 %block positions_abs
O      60.69231885      57.19262048      65.35260202
H      61.45765801      58.66471728      66.14817680
C      59.50557072      55.61091956      67.24421806
C      58.46811098      53.40371922      66.52423233
H      58.73456239      52.85758832      64.56080669
C      57.10939776      51.83146693      68.08703599
H      56.09839419      50.11370571      67.59570715
C      56.79003402      52.67995405      70.54745965
H      55.64108042      51.62170731      71.88160643
C      57.98434104      54.87959547      71.51877898
H      57.58182935      55.66572162      73.37260050
C      59.12573575      56.47074504      69.75755405
N      59.77391187      58.89337416      70.44541444
H      60.46177224      60.08390174      69.11126766
H      60.73200311      59.09557488      72.09325578
 %endblock positions_abs
