 %block lattice_cart
   139.252   0.000   0.000
   0.000 142.425   0.000
   0.000   0.000   162.84
 %endblock lattice_cart

 %block positions_abs
O      63.38895831      56.18445150      63.98632991
H      62.95621098      57.97591204      63.97121209
C      61.82048547      55.24147807      65.85904867
C      60.44476471      53.13065378      65.30535887
H      60.90018875      52.27271803      63.49500106
C      58.87440215      52.05728923      67.10248859
H      58.23756438      50.14299648      66.71698443
C      58.48889798      53.14577159      69.39472661
H      57.36451082      52.35775571      70.92351520
C      59.71722008      55.43611988      69.89172463
H      59.62084404      56.26759946      71.76633313
C      61.33860526      56.54916868      68.04924148
N      62.60472189      58.70723613      68.60860047
H      62.41763898      59.18155743      70.45486306
H      64.22610706      59.07384303      67.65239895
 %endblock positions_abs
