 %block lattice_cart
   139.252   0.000   0.000
   0.000 142.425   0.000
   0.000   0.000   162.84
 %endblock lattice_cart

 %block positions_abs
O      62.63212291      56.29594534      61.82070355
H      63.70737718      57.61686404      62.51801256
C      60.62523357      55.76493225      63.42508119
C      59.34777859      53.43678944      63.14729142
H      59.71438548      52.21791596      61.53346515
C      57.53742077      52.57696396      64.94064169
H      56.51318911      50.83085686      64.59104232
C      57.04420220      54.17378269      66.94942076
H      55.97461711      53.46702506      68.55568813
C      58.22717088      56.50570496      67.22721053
H      58.01363180      57.62820239      68.93552312
C      59.88824030      57.33151537      65.37338902
N      61.28096860      59.42722184      66.03479323
H      63.09699558      59.48769309      65.43008081
H      60.91247197      59.72201915      67.89428392
 %endblock positions_abs
