 %block lattice_cart
   139.252   0.000   0.000
   0.000 142.425   0.000
   0.000   0.000   162.84
 %endblock lattice_cart

 %block positions_abs
O      61.69859812      56.03516312      61.53535488
H      62.51684961      57.59796678      62.05125016
C      60.16414035      55.02038009      63.23043938
C      59.52541286      52.44846258      63.12839416
H      60.24539858      51.36564940      61.53913433
C      57.98717564      51.37320830      64.95009032
H      57.38813240      49.42112102      64.72332317
C      56.93837754      52.87554072      66.79824266
H      55.49273691      52.09886321      68.03601339
C      57.48261872      55.37942809      66.99666392
H      56.54720419      56.55861731      68.39317167
C      59.28541762      56.48302825      65.26756434
N      59.98650608      58.95290055      65.65306851
H      59.84855606      59.66910682      67.42374207
H      61.54175084      59.47257528      64.66096220
 %endblock positions_abs
