 %block lattice_cart
   139.252   0.000   0.000
   0.000 142.425   0.000
   0.000   0.000   162.84
 %endblock lattice_cart

 %block positions_abs
O      60.98995075      57.24364310      60.79269243
H      60.47405547      59.00486802      60.91930410
C      60.03941842      56.09657923      62.75044889
C      58.45393804      54.04811590      62.38762143
H      58.11567703      53.42828567      60.45632114
C      57.17648305      53.06734795      64.56458616
H      55.91414588      51.49131620      64.19419980
C      57.71316533      54.01977001      67.02689953
H      56.83444259      53.40938841      68.78056555
C      59.27785871      56.07201278      67.21020298
H      59.68226014      57.08679581      68.94875119
C      60.44381985      57.14537733      65.12205542
N      62.00662351      59.15415640      65.40551436
H      61.29041724      60.29933055      66.76611730
H      62.62834347      60.19350587      63.92396893
 %endblock positions_abs
