 %block lattice_cart
   139.252   0.000   0.000
   0.000 142.425   0.000
   0.000   0.000   162.84
 %endblock lattice_cart

 %block positions_abs
O      61.77513203      59.34879820      62.10321762
H      61.98111220      61.16671492      62.29407999
C      60.41641882      58.62881248      64.15168096
C      59.85705983      56.03421825      64.38789675
H      60.67531132      54.65849750      63.10099313
C      57.96166434      55.16494416      66.15290111
H      57.84639103      53.13348837      66.44202925
C      57.08483132      56.94128688      67.92546440
H      55.77903044      56.30255940      69.38055367
C      57.86717803      59.50942494      67.87066233
H      57.05837516      60.85679980      69.19158103
C      59.37328989      60.37491959      65.83731683
N      59.71910980      62.94494738      65.75605859
H      61.21010387      63.47973993      64.67891460
H      59.11250766      64.01831192      67.22437594
 %endblock positions_abs
