 %block lattice_cart
   139.252   0.000   0.000
   0.000 142.425   0.000
   0.000   0.000   162.84
 %endblock lattice_cart

 %block positions_abs
O      59.96760881      56.98191600      61.94637035
H      60.46649656      58.62030872      62.62100264
C      58.47094557      55.81973432      63.54129935
C      58.02119071      53.24025790      62.95170474
H      58.92259016      52.46169066      61.27929696
C      56.62846242      51.67556452      64.56175156
H      56.03886781      49.75938203      64.11199670
C      55.58155404      52.79428249      66.75950327
H      54.42882099      51.66044671      68.02561989
C      56.00107328      55.43234043      67.30941362
H      55.35289716      56.41877756      68.98938031
C      57.45994200      56.87042215      65.75605859
N      58.08544141      59.33840472      66.39667581
H      59.00573812      59.52170817      68.06908360
H      59.29297652      59.86752808      65.00583725
 %endblock positions_abs
