 %block lattice_cart
   139.252   0.000   0.000
   0.000 142.425   0.000
   0.000   0.000   162.84
 %endblock lattice_cart

 %block positions_abs
O      62.97888770      59.40643486      62.92335886
H      63.90296387      60.82750904      63.63956512
C      60.85483532      58.63920597      64.13845287
C      60.00634821      56.23547410      63.56397607
H      61.03057987      55.10919723      62.18447587
C      57.92764926      55.34730274      64.77340091
H      57.55348345      53.36120039      64.40301455
C      56.68042990      56.79861254      66.52139776
H      54.99290430      55.98036106      67.36232596
C      57.44009987      59.32517662      67.00705741
H      56.50657508      60.36641583      68.51316929
C      59.58115979      60.24169389      65.86755245
N      60.56948665      62.44322505      66.75005463
H      61.46143747      63.59028892      65.50283527
H      61.64474092      62.36952573      68.33364529
 %endblock positions_abs
