 %block lattice_cart
   139.252   0.000   0.000
   0.000 142.425   0.000
   0.000   0.000   162.84
 %endblock lattice_cart

 %block positions_abs
O      61.93670363      57.89370895      62.20809744
H      62.46771673      59.55288865      62.80903041
C      60.33421572      56.45373749      63.65562780
C      59.45171353      54.08213097      62.80714068
H      60.02619033      53.29789455      60.99678287
C      57.66970162      52.86892668      64.30002447
H      57.04231248      50.99620790      63.74633466
C      56.76263299      53.98575494      66.48643781
H      55.38313278      52.93695683      67.58814825
C      57.75284958      56.20807308      67.36327082
H      56.80609669      57.14537732      68.92607448
C      59.59911219      57.44962326      66.04613158
N      60.58743905      59.54155030      67.19508518
H      61.97638789      60.48452373      66.27289874
H      60.71594044      59.57934481      69.10748821
 %endblock positions_abs
