 %block lattice_cart
   139.252   0.000   0.000
   0.000 142.425   0.000
   0.000   0.000   162.84
 %endblock lattice_cart

 %block positions_abs
O      63.48155489      60.20295451      61.32087094
H      65.05002773      60.58089976      62.20526284
C      61.86394917      59.03510364      62.97627119
C      60.66019351      56.70885055      62.48494234
H      61.17797851      55.59958120      60.83710100
C      58.85928433      55.73942095      64.08554053
H      57.92198008      53.96496794      63.64901375
C      58.32827123      56.89404373      66.39100663
H      57.16608955      55.99642374      67.82908835
C      59.48289401      59.17683312      66.92013001
H      59.03880833      60.11791683      68.69269328
C      61.19687578      60.20673395      65.19858933
N      62.32126293      62.41582401      65.85621409
H      62.97699796      62.54621513      67.65145408
H      63.25100828      63.36635636      64.47482415
 %endblock positions_abs
