 %block lattice_cart
   139.252   0.000   0.000
   0.000 142.425   0.000
   0.000   0.000   162.84
 %endblock lattice_cart

 %block positions_abs
O      62.22488690      60.83412309      63.10949690
H      63.46076790      61.95851025      63.88239496
C      60.43153662      59.75319964      64.66096219
C      59.27502412      57.68016987      63.81436481
H      59.57171115      57.23230474      61.83204191
C      57.59127798      56.33846419      65.32047669
H      56.65964290      54.65849750      64.59104233
C      56.85428471      57.08490608      67.72231883
H      55.55604274      56.02099017      68.90528750
C      58.18276231      59.14470777      68.61615937
H      57.84072185      59.79099416      70.53612130
C      60.07437835      60.41271412      67.16673929
N      61.37639978      62.52542814      67.99443942
H      61.48789363      62.74841584      69.89361436
H      62.81259178      62.90904258      66.78123512
 %endblock positions_abs
