 %block lattice_cart
   139.252   0.000   0.000
   0.000 142.425   0.000
   0.000   0.000   162.84
 %endblock lattice_cart

 %block positions_abs
O      62.02741049      59.25242217      64.92646874
H      62.09733036      61.05333134      65.30630373
C      60.14335336      58.15260145      66.34187375
C      59.35155803      55.81878946      65.64078529
H      59.85611496      54.90038247      63.87578091
C      57.70371669      54.45251733      67.18280196
H      57.21805702      52.53633485      66.61966352
C      56.84011176      55.51076407      69.37299476
H      55.67415063      54.42795089      70.67312646
C      57.61867900      57.91638566      70.04384760
H      57.06876865      58.60613577      71.89955884
C      59.20604911      59.25998107      68.53017682
N      59.84288687      61.72607391      69.10276389
H      59.07565799      62.47818498      70.69202372
H      60.82932401      62.94683711      68.00294318
 %endblock positions_abs
