 %block lattice_cart
   139.252   0.000   0.000
   0.000 142.425   0.000
   0.000   0.000   162.84
 %endblock lattice_cart

 %block positions_abs
O      62.90707810      57.54505445      63.22949451
H      63.15085279      58.96234918      64.38033784
C      61.08538193      56.40177003      64.58442828
C      60.53169212      53.85819841      63.99861312
H      61.63151283      52.90955580      62.54730331
C      58.74212130      52.45413176      65.38567224
H      58.21299793      50.55495681      64.80930571
C      57.31159848      53.79961689      67.07319783
H      55.75446400      52.80562085      67.97270756
C      57.94465680      56.22980493      67.86688289
H      57.16231010      57.17844754      69.50905505
C      59.84383174      57.52615718      66.69336285
N      60.52980239      59.81461575      67.75727876
H      62.01134782      60.88231111      67.17146360
H      59.66808720      60.39287200      69.36543585
 %endblock positions_abs
