 %block lattice_cart
   139.252   0.000   0.000
   0.000 142.425   0.000
   0.000   0.000   162.84
 %endblock lattice_cart

 %block positions_abs
O      60.50429109      59.25714648      61.50511925
H      61.56064810      60.66121313      62.04936042
C      58.89991345      58.22913537      63.27012362
C      57.72450368      55.93689735      62.60493996
H      58.02119071      55.24147807      60.69631639
C      56.02752945      54.99203420      64.55135807
H      55.03353342      53.21002228      64.32081145
C      55.82532875      56.13531862      66.91918513
H      54.54031484      55.40021508      68.34403878
C      56.87412684      58.35952649      67.42374206
H      56.34500347      59.55194379      69.00922245
C      58.40102570      59.40265541      65.65495824
N      59.73895193      61.51347970      66.35415697
H      59.44982381      61.92732976      68.20419904
H      61.35277820      61.89142496      65.39417600
 %endblock positions_abs
