 %block lattice_cart
   139.252   0.000   0.000
   0.000 142.425   0.000
   0.000   0.000   162.84
 %endblock lattice_cart

 %block positions_abs
O      59.60100191      58.05055624      63.56114149
H      60.02808006      59.64737496      64.36616489
C      58.36134144      56.60869505      65.33370476
C      57.51096460      54.25598580      64.59482177
H      57.74340095      53.50576445      62.69564683
C      56.07288288      52.87837531      66.30691382
H      55.36045606      51.01321545      65.81936443
C      55.47761909      53.85536381      68.63883609
H      54.33055522      52.89349312      70.04857191
C      56.33366512      56.16460937      69.34748346
H      56.05965480      56.87514647      71.25232758
C      57.73584204      57.61402946      67.72798801
N      58.38779761      59.86658322      68.72765323
H      58.86022920      59.88737021      70.58525418
H      59.03408402      61.31600331      67.65050923
 %endblock positions_abs
