 %block lattice_cart
   139.252   0.000   0.000
   0.000 142.425   0.000
   0.000   0.000   162.84
 %endblock lattice_cart

 %block positions_abs
O      62.21260367      58.19228571      61.94826008
H      62.93258939      59.59446263      62.90068213
C      60.31909791      57.15860541      63.28996575
C      59.00573811      55.09880373      62.34888204
H      59.56131765      54.32590567      60.53285506
C      57.03286384      54.03299809      63.55830689
H      56.05209589      52.49476087      62.61533345
C      56.07099315      55.06478866      65.70503598
H      54.56677101      54.16905838      66.77651080
C      57.44482419      56.96963278      66.86910739
H      56.78908915      57.83134798      68.61710422
C      59.56509711      58.06756377      65.62944692
N      60.69704316      60.15949080      66.64800941
H      62.00473378      61.19695054      65.70503598
H      60.57232124      60.23696958      68.55663298
 %endblock positions_abs
