 %block lattice_cart
   139.252   0.000   0.000
   0.000 142.425   0.000
   0.000   0.000   162.84
 %endblock lattice_cart

 %block positions_abs
O      61.44915424      57.26348522      63.03957702
H      62.07087420      58.76770737      63.89751277
C      59.31943268      56.43767482      64.29246557
C      58.22339142      54.21913613      63.35327159
H      58.79030932      53.26104489      61.62606174
C      56.13902330      53.23836817      64.73655125
H      55.05621012      51.58296792      64.17908199
C      55.48517800      54.29661491      67.13650367
H      54.01308120      53.38387710      68.24199356
C      56.70027201      56.40743920      68.04546202
H      56.17303837      57.09340985      69.90873217
C      58.70527163      57.39387634      66.72265361
N      59.90713758      59.38942732      67.86971748
H      60.64980001      60.53271174      66.52801179
H      60.49106300      59.22124168      69.68952392
 %endblock positions_abs
