 %block lattice_cart
   139.252   0.000   0.000
   0.000 142.425   0.000
   0.000   0.000   162.84
 %endblock lattice_cart

 %block positions_abs
O      62.37417528      56.31389775      62.94792529
H      62.91652673      57.93528293      63.63011649
C      61.21199359      54.91361055      64.80930571
C      60.61106063      52.40783347      64.16490903
H      61.06459494      51.58580251      62.33943342
C      59.06904396      51.05856887      65.98093603
H      58.45866236      49.13671721      65.58598323
C      58.17520341      52.33035469      68.19380553
H      57.15286147      51.20785726      69.57708521
C      58.77046720      54.86447767      68.65300903
H      58.19410067      55.77154630      70.40289559
C      60.28602770      56.16838883      66.95792453
N      60.80570244      58.67605564      67.36610541
H      61.50112172      59.70406675      65.90723671
H      60.58460446      59.57178591      69.04607211
 %endblock positions_abs
