 %block lattice_cart
   139.252   0.000   0.000
   0.000 142.425   0.000
   0.000   0.000   162.84
 %endblock lattice_cart

 %block positions_abs
O      61.46049260      57.28994139      62.02668371
H      62.54708523      58.35007785      63.06792291
C      59.79186427      56.29405562      63.81625453
C      58.99439977      53.73536619      63.65184834
H      59.49328751      52.55239751      62.04558098
C      57.40702966      52.68845781      65.40740409
H      56.94782617      50.68912737      65.34693285
C      56.50751994      54.21346694      67.41429343
H      55.40769922      53.24403734      68.85237516
C      57.20671867      56.78160501      67.59381743
H      56.49429185      57.79638803      69.23221015
C      58.86589838      57.77560105      65.77401099
N      59.44415463      60.34940828      66.04802131
H      60.05831568      61.17521869      64.43041558
H      58.14213320      61.47946461      66.88705979
 %endblock positions_abs
