 %block lattice_cart
   139.252   0.000   0.000
   0.000 142.425   0.000
   0.000   0.000   162.84
 %endblock lattice_cart

 %block positions_abs
O      61.70048784      60.44389460      63.28240684
H      62.77385238      61.60796602      64.21971109
C      60.25673695      59.00203344      64.73560638
C      58.24606815      57.79260860      63.61121922
H      57.85300507      57.91166134      61.60055043
C      56.73050764      56.24870219      65.25528112
H      55.29620536      54.98258556      64.50317004
C      56.94971589      56.42255701      67.90467741
H      55.47950882      55.56273155      69.05174128
C      58.87345727      57.87953601      68.93457825
H      59.20982857      57.83040311      70.96036485
C      60.70649180      58.98691562      67.31319307
N      62.65479963      60.40610009      68.15790073
H      63.79052514      61.16199060      66.81241560
H      63.10455450      60.15098703      70.00227362
 %endblock positions_abs
