 %block lattice_cart
   139.252   0.000   0.000
   0.000 142.425   0.000
   0.000   0.000   162.84
 %endblock lattice_cart

 %block positions_abs
O      62.21921772      57.91260621      63.67452506
H      62.53102256      59.70595649      63.94475592
C      60.57893528      57.03766292      65.42252190
C      59.63785157      54.51109884      65.28457188
H      60.27468934      53.36781443      63.70098123
C      57.71977937      53.62670694      66.78501457
H      56.89396897      51.76532651      66.53935015
C      56.62751756      55.27643801      68.46687099
H      55.04203718      54.61125434      69.58747869
C      57.55726290      57.59135274      68.89583886
H      56.55948741      58.73463716      70.28100825
C      59.42809195      58.50598027      67.31224821
N      59.96477423      60.97018338      67.77901061
H      58.69298842      61.84512666      68.90906695
H      61.33482580      61.97173833      66.88705979
 %endblock positions_abs
