 %block lattice_cart
   139.252   0.000   0.000
   0.000 142.425   0.000
   0.000   0.000   162.84
 %endblock lattice_cart

 %block positions_abs
O      63.07148428      57.13309410      64.07987135
H      63.57037203      58.72235394      64.86410778
C      61.32348744      55.94823571      65.66913118
C      60.73389283      53.45757642      65.33842909
H      61.50868062      52.50704409      63.69058774
C      59.20510424      52.18390088      67.07508757
H      58.67598088      50.31307184      66.41368336
C      58.09205545      53.47647369      69.10276390
H      56.74468058      52.46358039      70.27817366
C      58.85928433      56.00870695      69.53362150
H      58.02780475      57.18222698      70.99815939
C      60.46177224      57.23891878      67.85365481
N      61.05136685      59.72957806      68.31663776
H      60.54303047      60.29838568      70.07597294
H      62.04725262      60.79727343      67.07697728
 %endblock positions_abs
