 %block lattice_cart
   139.252   0.000   0.000
   0.000 142.425   0.000
   0.000   0.000   162.84
 %endblock lattice_cart

 %block positions_abs
O      60.46460684      58.48708301      62.77879479
H      61.01262747      59.97051817      63.72365795
C      59.15502650      56.88270537      64.33026009
C      58.28575240      54.67739476      63.26445445
H      58.64669013      54.27677278      61.28024182
C      56.49051240      53.32246100      64.61182931
H      55.79131367      51.59147169      63.75767302
C      55.79887257      54.10669742      67.03445845
H      54.25874563      53.06923767      67.91318118
C      56.72105901      56.23263952      68.16262506
H      55.89713834      56.79010878      69.96164451
C      58.39535653      57.71040550      66.75288923
N      58.98873059      59.95162090      67.72231882
H      60.70271235      60.60357648      67.16484956
H      58.29331131      60.46184701      69.43252114
 %endblock positions_abs
