 %block lattice_cart
   139.252   0.000   0.000
   0.000 142.425   0.000
   0.000   0.000   162.84
 %endblock lattice_cart

 %block positions_abs
O      62.44976433      58.15260145      63.03579756
H      62.82959932      59.79288390      63.77657028
C      60.96443944      57.01120676      64.90095744
C      60.12729069      54.58479818      64.55702725
H      60.66964214      53.64182474      62.81469958
C      58.47000071      53.36214526      66.17463298
H      57.61962387      51.50832374      65.93085827
C      57.51190947      54.67361532      68.18152231
H      56.18343187      53.91016588      69.54968417
C      58.20921848      57.20773829      68.54057031
H      57.36640055      58.14126309      70.16573494
C      60.03658383      58.36425080      67.07603242
N      60.91719629      60.65081964      67.88105583
H      62.48566913      61.40859989      67.08548106
H      60.26335098      61.15915601      69.60826568
 %endblock positions_abs
