 %block lattice_cart
   139.252   0.000   0.000
   0.000 142.425   0.000
   0.000   0.000   162.84
 %endblock lattice_cart

 %block positions_abs
O      63.44848468      58.85368991      63.74255521
H      63.92469572      60.53743606      64.30947310
C      61.37167547      57.77843565      64.97654650
C      60.83877265      55.16872360      64.68363892
H      61.92347555      53.92528369      63.46287572
C      58.65235930      54.35425156      65.96865281
H      58.10811812      52.37381838      65.96109390
C      57.28230772      55.85847371      67.66373731
H      55.56265678      55.08368592      68.47442990
C      58.09111059      58.36047135      68.13049971
H      56.97428234      59.57178591      69.36071154
C      60.20760406      59.25809134      66.78879403
N      60.71783016      61.71284583      67.16295984
H      59.47250052      62.68038569      68.25144220
H      62.52251879      62.34590414      67.22343108
 %endblock positions_abs
