 %block lattice_cart
   139.252   0.000   0.000
   0.000 142.425   0.000
   0.000   0.000   162.84
 %endblock lattice_cart

 %block positions_abs
O      60.83310348      58.07795726      62.17030292
H      60.64224111      59.85430000      62.60871942
C      59.30998407      56.54349949      63.57059011
C      58.91314154      54.03205322      62.87895028
H      60.10366912      53.37820792      61.33693361
C      57.39947076      52.47491874      64.40206969
H      57.17270361      50.53416982      63.76523192
C      56.37334938      53.38954628      66.59793167
H      54.96928272      52.25193104      67.57303045
C      56.69082340      55.90855145      67.19886464
H      55.71194517      56.67200088      68.83536762
C      58.18748663      57.56017225      65.70787057
N      58.43693050      59.92988905      66.58281386
H      58.98306142      61.29994062      65.36205066
H      58.17236882      60.43255625      68.41395865
 %endblock positions_abs
