 %block lattice_cart
   139.252   0.000   0.000
   0.000 142.425   0.000
   0.000   0.000   162.84
 %endblock lattice_cart

 %block positions_abs
O      63.14140416      57.97213259      61.84054568
H      64.15429746      59.32895608      62.56431086
C      61.41608404      57.20679343      63.54507881
C      60.40130101      54.88809925      63.15201573
H      61.08349220      53.62576207      61.68180866
C      58.58338429      53.95835390      64.66757623
H      58.04481229      51.99681799      64.38222756
C      57.65930813      55.24336780      66.78595943
H      55.94532636      54.54983824      67.68546916
C      58.88196105      57.52426746      67.36799514
H      58.33016097      58.84896560      68.83820221
C      60.66019351      58.53716076      65.72582297
N      62.00378892      60.72168438      66.43258062
H      63.11872744      61.67410644      65.20047906
H      62.59338353      60.64987478      68.25616650
 %endblock positions_abs
