 %block lattice_cart
   139.252   0.000   0.000
   0.000 142.425   0.000
   0.000   0.000   162.84
 %endblock lattice_cart

 %block positions_abs
O      64.95365169      59.10974783      63.97877099
H      64.80625304      60.91254673      64.31136283
C      63.29825144      57.49781128      65.29779996
C      63.36628159      55.03549790      64.53057107
H      64.72121536      54.46291082      63.09626881
C      61.68631490      53.27805243      65.65873769
H      61.74489641      51.28439117      65.16929857
C      59.97044340      54.12653954      67.50500030
H      58.80826172      52.81695921      68.57836484
C      60.00823793      56.69656733      68.20230930
H      58.83660762      57.58473869      69.63850130
C      61.49356281      58.43322581      67.00044338
N      61.30270046      61.01081250      67.49177221
H      62.67275203      62.08228732      66.68674881
H      60.05926054      61.60418656      68.82402926
 %endblock positions_abs
