 %block lattice_cart
   139.252   0.000   0.000
   0.000 142.425   0.000
   0.000   0.000   162.84
 %endblock lattice_cart

 %block positions_abs
O      62.52724311      59.12392078      62.79107801
H      62.92408564      60.55255388      63.88333981
C      60.82459970      57.66316233      64.18002685
C      59.96099478      55.46352090      63.05941914
H      60.77735654      54.97408180      61.23961270
C      57.90308282      53.98197548      64.19892411
H      57.03002927      52.42484099      63.18036162
C      56.94310185      54.79455780      66.51005939
H      55.44832834      53.61536858      67.28106772
C      58.05237120      56.93372799      67.71759450
H      57.14719230      57.51576368      69.46748107
C      59.91186189      58.37180971      66.49116213
N      60.87562231      60.52420797      67.65334381
H      61.72788888      61.79977324      66.50627994
H      60.61295035      60.89648406      69.51472423
 %endblock positions_abs
