 %block lattice_cart
   139.252   0.000   0.000
   0.000 142.425   0.000
   0.000   0.000   162.84
 %endblock lattice_cart

 %block positions_abs
O      62.32126294      56.67578034      61.45693123
H      62.43275679      58.47291007      61.08087569
C      60.38240374      56.08807546      63.08965476
C      59.96666396      53.54261411      63.19358971
H      60.79814353      52.38043243      61.71960318
C      58.31882261      52.34830708      64.95103518
H      58.05615065      50.31118212      64.90757147
C      57.11884640      53.97725117      66.61588406
H      55.74501537      53.12309487      67.88200069
C      57.75757390      56.53405087      66.73871628
H      56.94499158      57.51103937      68.35254255
C      59.36384126      57.71512981      64.92835847
N      59.88918518      60.11886168      65.09465438
H      59.26179604      61.05049676      66.64611969
H      61.29325183      60.75192000      63.95514942
 %endblock positions_abs
