 %block lattice_cart
   139.252   0.000   0.000
   0.000 142.425   0.000
   0.000   0.000   162.84
 %endblock lattice_cart

 %block positions_abs
O      63.88690119      58.23763914      63.93719702
H      63.54675046      60.04232777      63.81247508
C      61.71938511      57.26065063      64.98410540
C      61.19404120      54.84369068      64.52868136
H      62.49984208      53.72875216      63.40051475
C      59.07943745      53.61347885      65.54913357
H      58.67314629      51.69351692      64.93308279
C      57.47694954      55.04022222      67.03067899
H      55.76863695      54.25220634      67.85459967
C      58.11756676      57.57812466      67.55602291
H      56.85711931      58.67983510      68.74844021
C      60.36256162      58.66471729      66.71131525
N      60.82743429      61.03821353      67.29146123
H      62.58110031      61.62591842      66.78690430
H      60.04886705      61.81300132      68.86371352
 %endblock positions_abs
