 %block lattice_cart
   139.252   0.000   0.000
   0.000 142.425   0.000
   0.000   0.000   162.84
 %endblock lattice_cart

 %block positions_abs
O      62.85889008      57.33812941      62.25534060
H      63.86422448      58.68739399      63.00367222
C      61.51529467      56.03043881      63.93908674
C      60.30020065      53.88181999      63.11138662
H      60.18492734      53.60025076      61.07804110
C      58.85456002      52.43051017      64.71198480
H      57.70182697      50.84502980      64.10349293
C      58.78086069      53.05034041      67.23665916
H      57.33522006      52.16783822      68.39884084
C      59.82209989      55.05722975      68.12294080
H      59.72194440      55.35202705      70.15439659
C      61.31498368      56.61058479      66.59793166
N      62.64724073      58.39637615      67.79223869
H      64.00973340      59.31478313      66.80391183
H      63.01762709      57.97118773      69.62527322
 %endblock positions_abs
