 %block lattice_cart
   139.252   0.000   0.000
   0.000 142.425   0.000
   0.000   0.000   162.84
 %endblock lattice_cart

 %block positions_abs
O      60.68098050      58.55794775      62.26762382
H      61.13262509      60.25681170      62.80808554
C      59.40730496      57.28994139      64.18380630
C      58.73456239      54.61030948      63.73405143
H      59.53769607      53.59741618      62.13912243
C      57.11317721      53.50292986      65.44047430
H      56.46311137      51.56218094      65.25150167
C      56.12107090      54.88431980      67.43224584
H      54.72456315      53.91300047      68.58497888
C      57.00357309      57.30694893      67.95758975
H      56.55003878      58.00236821      69.83786742
C      58.67220142      58.53149158      66.35321210
N      59.73800707      60.71601520      67.12799990
H      60.57515582      61.88008661      65.85621409
H      58.87251242      61.65520918      68.55663298
 %endblock positions_abs
