 %block lattice_cart
   139.252   0.000   0.000
   0.000 142.425   0.000
   0.000   0.000   162.84
 %endblock lattice_cart

 %block positions_abs
O      60.45610307      56.32145665      62.96682256
H      60.80759216      58.08835076      63.35232672
C      58.76668774      55.24620238      64.66190706
C      58.04481229      52.74987392      64.17057822
H      58.91408640      51.60281005      62.70604033
C      56.44610383      51.47808811      65.99038466
H      55.75257428      49.55812618      65.74849969
C      55.44454889      52.87837531      67.93113358
H      54.03670278      51.93351215      69.08953581
C      56.15319625      55.33312979      68.36577063
H      55.34817284      56.33657446      69.96636882
C      57.72544855      56.55200326      66.74627518
N      58.47755962      58.93305842      67.29051636
H      58.66086307      59.68139005      69.04418238
H      59.65863856      59.82689896      66.07731207
 %endblock positions_abs
