 %block lattice_cart
   139.252   0.000   0.000
   0.000 142.425   0.000
   0.000   0.000   162.84
 %endblock lattice_cart

 %block positions_abs
O      60.74901065      57.26820954      62.91579995
H      61.58049023      58.82534402      63.44303359
C      59.19754535      56.46318613      64.79985708
C      58.09205546      54.06512344      64.46726525
H      58.39819112      53.06545822      62.70037115
C      56.26846956      53.30356373      66.21337236
H      55.40675437      51.46863948      65.88455998
C      55.66564687      54.73408655      68.25427678
H      54.35228708      53.97819603      69.63944617
C      56.75601895      57.08679581      68.64922958
H      56.21933668      58.23008023      70.27061476
C      58.39252194      58.04488705      66.80674642
N      59.29203166      60.33523534      67.25650129
H      58.08827600      61.52765265      68.15412129
H      60.77924627      61.08923614      66.30974840
 %endblock positions_abs
