 %block lattice_cart
   139.252   0.000   0.000
   0.000 142.425   0.000
   0.000   0.000   162.84
 %endblock lattice_cart

 %block positions_abs
O      62.16913996      55.52777160      63.97404668
H      62.16347080      57.34946777      64.22538027
C      59.99784443      54.57345981      64.91513038
C      59.81265125      51.92784298      64.79418789
H      61.16569529      51.10392230      63.48649729
C      57.89835850      50.64282909      66.10943742
H      57.87379206      48.59058631      66.16423948
C      56.38846718      52.02232929      67.76105822
H      54.90503203      51.04534080      68.79662824
C      56.54909392      54.62826189      68.03317881
H      55.15258617      55.53722023      69.23504474
C      58.33299556      55.94918057      66.55919228
N      58.61645451      58.60802549      66.81430532
H      57.07254811      59.72485375      67.01272660
H      59.80509235      59.42438726      65.55196815
 %endblock positions_abs
