 %block lattice_cart
   139.252   0.000   0.000
   0.000 142.425   0.000
   0.000   0.000   162.84
 %endblock lattice_cart

 %block positions_abs
O      59.79186427      58.46251656      65.26284003
H      60.52885753      59.81178115      66.27384360
C      59.14557787      56.49720120      66.80485670
C      58.11189758      54.28811114      65.93369286
H      58.00796263      53.97441657      63.90601653
C      57.41836802      52.31523687      67.56263695
H      56.81932478      50.48220235      66.85398958
C      57.66025299      52.56279102      70.21014351
H      57.22561594      51.09258394      71.57641564
C      58.86589838      54.71896874      71.03973336
H      59.35533749      55.10447291      72.99748983
C      59.69737795      56.53121627      69.37677422
N      61.39246246      58.24141859      70.35754217
H      61.82332005      59.78532498      69.30874407
H      62.29764136      57.98819526      72.02994996
 %endblock positions_abs
