 %block lattice_cart
   139.252   0.000   0.000
   0.000 142.425   0.000
   0.000   0.000   162.84
 %endblock lattice_cart

 %block positions_abs
O      60.09044102      58.36236107      61.38890109
H      60.34177462      60.14437299      61.77440525
C      58.86400864      57.09057526      63.28618631
C      58.07221332      54.61692352      62.74761430
H      58.27441403      54.05378508      60.78229895
C      56.77586108      53.21096714      64.59576664
H      56.19193565      51.33068946      64.00995149
C      56.59633708      54.19173510      67.15634579
H      55.69871707      53.07490685      68.62655286
C      57.50340570      56.60869506      67.62877737
H      57.14624743      57.45151299      69.46748107
C      58.76952233      57.94095211      65.82030930
N      59.89579921      60.16515998      66.41935254
H      60.93892814      60.86813816      64.97560162
H      60.59310823      60.19350587      68.20514390
 %endblock positions_abs
