 %block lattice_cart
   139.252   0.000   0.000
   0.000 142.425   0.000
   0.000   0.000   162.84
 %endblock lattice_cart

 %block positions_abs
O      63.12250689      56.82317899      64.09782375
H      63.88406660      58.33684977      64.81591975
C      61.04380795      55.98980969      65.39039655
C      60.25579208      53.48592232      64.94631087
H      61.26301620      52.26893858      63.63295108
C      58.36228631      52.30484338      66.29179600
H      57.82371431      50.36409445      65.88361512
C      57.31915739      53.56340110      68.36860522
H      55.87540648      52.59397150      69.46275676
C      57.79725814      56.06539874      68.73521213
H      56.83160800      57.06695369      70.24510345
C      59.71155090      57.29561057      67.31791739
N      60.24256399      59.81461574      67.77712089
H      61.80536765      60.33429048      66.79635293
H      59.87406736      60.25303225      69.60637596
 %endblock positions_abs
