 %block lattice_cart
   139.252   0.000   0.000
   0.000 142.425   0.000
   0.000   0.000   162.84
 %endblock lattice_cart

 %block positions_abs
O      63.43431173      57.62631267      62.42163652
H      63.54769531      59.30249991      63.17374759
C      61.74300668      56.17122341      63.81058536
C      61.20065523      53.73158674      63.02634894
H      62.06426016      52.92467361      61.34449252
C      59.45832757      52.25948994      64.49277655
H      58.94999119      50.39810953      63.79924700
C      58.39819111      53.27994215      66.71131525
H      57.27380395      52.06862759      67.93207844
C      59.06337477      55.70635074      67.44452906
H      58.40575002      56.36586522      69.27378413
C      60.65452433      57.20112425      66.03857268
N      61.49923199      59.44044993      66.93619268
H      63.08660209      60.30972404      66.30691382
H      61.13262508      59.59729722      68.80891145
 %endblock positions_abs
