 %block lattice_cart
   139.252   0.000   0.000
   0.000 142.425   0.000
   0.000   0.000   162.84
 %endblock lattice_cart

 %block positions_abs
O      62.20504477      58.79132894      63.12083525
H      62.63212292      60.49019291      63.67641478
C      60.49862191      57.58379384      64.62127795
C      58.83377303      55.82067918      63.62539217
H      58.70527164      55.16494416      61.68275352
C      57.21427758      54.51109886      65.20898282
H      55.95760958      53.06356849      64.46632038
C      57.26718991      54.88337493      67.73365718
H      56.36956992      53.73064188      69.17740808
C      59.03408402      56.65593821      68.73332240
H      59.14368814      56.98664032      70.75910900
C      60.52696780      58.09213021      67.20831326
N      62.18425778      59.77965581      68.17207368
H      63.52407374      60.48452373      66.99855364
H      62.87589761      59.51509412      69.94085752
 %endblock positions_abs
