 %block lattice_cart
   139.252   0.000   0.000
   0.000 142.425   0.000
   0.000   0.000   162.84
 %endblock lattice_cart

 %block positions_abs
O      63.20848944      56.38287276      63.28996575
H      63.76406898      58.12709015      63.48649730
C      61.32065285      55.53438565      64.89812285
C      60.26996502      53.20057365      64.46537552
H      60.76318359      51.89477277      62.95926366
C      58.25929623      52.34452763      65.98471548
H      57.55253859      50.45858077      65.58031404
C      57.48261871      53.77505045      68.12577539
H      56.12012604      53.03994691      69.47692971
C      58.77897096      55.98791996      68.67379603
H      58.29709075      57.09529958      70.33486545
C      60.67625618      56.91010640      67.09020537
N      61.88379130      59.09274029      67.90278768
H      63.24061479      59.80327739      66.75194436
H      62.43937083      59.18155743      69.73393248
 %endblock positions_abs
