 %block lattice_cart
   139.252   0.000   0.000
   0.000 142.425   0.000
   0.000   0.000   162.84
 %endblock lattice_cart

 %block positions_abs
O      61.73072347      56.31106316      63.34476781
H      62.20126532      57.98158122      63.95703914
C      59.88635059      55.29250068      64.96426326
C      59.11912170      52.88309963      64.50317004
H      60.02241088      51.74926385      63.04619105
C      57.17648305      51.88343441      66.02062027
H      56.55665282      49.94268548      65.76172777
C      55.92737396      53.20813255      67.91034658
H      54.47228470      52.26704885      69.01205702
C      56.89113438      55.57218017      68.55096380
H      56.07288289      56.64365500      70.10053938
C      58.89802373      56.60019128      67.11099235
N      60.05264650      58.72991285      67.95947947
H      59.79186427      58.98124644      69.83975716
H      61.90457829      58.98502589      67.53996023
 %endblock positions_abs
