 %block lattice_cart
   139.252   0.000   0.000
   0.000 142.425   0.000
   0.000   0.000   162.84
 %endblock lattice_cart

 %block positions_abs
O      61.93292419      57.29088625      61.84715972
H      62.58865922      58.86691800      62.53502009
C      60.31909792      56.03421826      63.49878051
C      59.44226491      53.79489257      62.67674957
H      59.44226491      53.31112264      60.68119858
C      58.16858937      52.18484576      64.19797925
H      57.63190710      50.40472357      63.32303597
C      57.50529544      53.01632533      66.61682893
H      56.25429662      51.79745186      67.69775238
C      58.46149695      55.24809211      67.49177221
H      57.95505030      55.78099493      69.40795469
C      59.93359375      56.77310124      65.97621171
N      60.93703842      58.94250705      66.90595706
H      61.91402692      60.16515998      65.80235689
H      60.81420621      58.98219130      68.81836008
 %endblock positions_abs
