 %block lattice_cart
   139.252   0.000   0.000
   0.000 142.425   0.000
   0.000   0.000   162.84
 %endblock lattice_cart

 %block positions_abs
O      62.63495751      57.39576606      63.48838702
H      62.50456639      59.18155742      63.90790626
C      60.96632917      55.91233090      64.79040845
C      60.80948189      53.24592708      64.37277893
H      62.25701224      52.34641735      63.22571506
C      59.05203642      51.78138918      65.62377775
H      58.93676311      49.74237449      65.38945169
C      57.35506219      52.84152564      67.38311295
H      56.12674008      51.59997546      68.46403640
C      57.49112248      55.47958359      67.82152945
H      56.20988804      56.42822620      69.11599198
C      59.28636248      56.91955503      66.55352310
N      59.23345014      59.47068555      67.11666154
H      57.67253621      60.01492673      68.08987059
H      60.26524071      60.70845629      66.08109152
 %endblock positions_abs
