 %block lattice_cart
   139.252   0.000   0.000
   0.000 142.425   0.000
   0.000   0.000   162.84
 %endblock lattice_cart

 %block positions_abs
O      61.06648466      59.98941542      62.24872656
H      62.32315266      60.94561694      63.19547944
C      59.63407212      58.63070221      63.76617679
C      57.89363418      56.98475060      62.84588007
H      57.78780951      56.86758757      60.79741675
C      56.29303600      55.56556613      64.34065359
H      54.87763099      54.39204609      63.42413632
C      56.52736206      55.68839834      66.95036562
H      55.31037831      54.46763515      68.06719388
C      58.11284243      57.53466094      67.92924385
H      58.53614113      57.76331784      69.92479484
C      59.73611734      59.03510364      66.37210937
N      61.26112647      60.73396760      67.57775476
H      62.16252592      60.05366612      69.12544061
H      62.28535813      61.99063560      66.54974365
 %endblock positions_abs
