 %block lattice_cart
   139.252   0.000   0.000
   0.000 142.425   0.000
   0.000   0.000   162.84
 %endblock lattice_cart

 %block positions_abs
O      62.03685912      58.51542890      61.40590862
H      62.95148666      59.96862843      62.06920255
C      60.45893765      57.49497670      63.31453219
C      59.32699160      55.23864348      62.61155401
H      59.81832043      54.50731939      60.75773249
C      57.67915026      54.11236659      64.24427755
H      56.92136999      52.28689098      63.68113910
C      57.07821729      55.21218731      66.55919227
H      55.74596023      54.51298857      67.95758975
C      58.09111059      57.53844041      67.13933826
H      57.71316532      58.09779939      69.08008717
C      59.77863619      58.65148919      65.54440924
N      60.82554457      60.90971215      66.24360798
H      60.94081786      61.15348683      68.13900348
H      62.12000708      61.73552254      65.09843384
 %endblock positions_abs
