 %block lattice_cart
   139.252   0.000   0.000
   0.000 142.425   0.000
   0.000   0.000   162.84
 %endblock lattice_cart

 %block positions_abs
O      60.88129148      56.94034203      62.50572934
H      61.55781350      58.63353680      62.76084239
C      59.21077342      56.48491798      64.36899948
C      58.13929860      54.06039912      64.42002209
H      58.71566513      52.76026742      62.93658694
C      56.41019903      53.47269424      66.21526209
H      55.49179204      51.63399054      66.25305662
C      55.84139141      55.25092670      68.16734937
H      54.39575078      54.65377319      69.49960642
C      56.85995389      57.69623255      68.07853223
H      56.23445448      59.15132181      69.38622284
C      58.47944934      58.37842375      66.16990866
N      59.49045292      60.72924328      66.16423948
H      59.15786108      61.78560029      67.72704314
H      61.00601342      61.21679267      65.09654411
 %endblock positions_abs
