 %block lattice_cart
   139.252   0.000   0.000
   0.000 142.425   0.000
   0.000   0.000   162.84
 %endblock lattice_cart

 %block positions_abs
O      62.73700273      58.10157884      59.91869401
H      63.68186588      59.59824208      60.42514067
C      60.96065999      57.04144238      61.54574836
C      60.07059890      54.62070297      61.16024420
H      60.72633393      53.67395009      59.45949053
C      58.62495827      53.28277674      62.93469721
H      58.22433629      51.29478466      62.60399510
C      58.08071709      54.50165021      65.21559686
H      57.03191899      53.37915278      66.57997927
C      58.80637200      57.02254512      65.62566748
H      58.14496779      57.97118772      67.32264171
C      60.13295987      58.31511791      63.79830214
N      60.87562231      60.74530595      64.32364605
H      61.21577305      61.05333134      66.18313674
H      62.25323279      61.30655467      63.11422121
 %endblock positions_abs
