 %block lattice_cart
   139.252   0.000   0.000
   0.000 142.425   0.000
   0.000   0.000   162.84
 %endblock lattice_cart

 %block positions_abs
O      62.34771910      56.14949157      64.50978409
H      62.51023557      57.93339321      64.92741360
C      60.47877978      55.04211195      65.68897331
C      59.76824269      52.63082117      65.07670198
H      60.73578256      51.61981760      63.57625929
C      57.79536842      51.33635865      66.35982615
H      57.53458619      49.40316863      65.71920893
C      56.68798880      52.54767322      68.40262029
H      55.31415777      51.70296554      69.67440610
C      57.54592454      54.99864824      69.08859095
H      56.57460522      55.80556137      70.70997612
C      59.21077342      56.33657446      67.66184758
N      59.94776669      58.74597551      68.41017920
H      59.48289401      59.49619687      70.11093288
H      61.58804913      59.38848246      67.65617840
 %endblock positions_abs
