 %block lattice_cart
   139.252   0.000   0.000
   0.000 142.425   0.000
   0.000   0.000   162.84
 %endblock lattice_cart

 %block positions_abs
O      63.37667509      58.95668000      63.53563018
H      64.24028001      60.34184939      64.38600702
C      61.61167071      58.04394219      65.00394753
C      60.59499795      55.74981444      64.26695427
H      61.35466793      54.95423967      62.53407524
C      58.78275042      54.56684578      65.76550722
H      57.74151122      52.93979142      65.06630850
C      57.92670440      55.71013019      68.04073770
H      56.62846242      54.59897112      69.18024267
C      58.95093606      58.03071411      68.81741522
H      58.65991821      58.52582240      70.79028949
C      60.69515345      59.09651974      67.33209034
N      61.95560090      61.14120361      68.32419666
H      63.43336688      61.81205646      67.30563417
H      62.40157631      60.85207549      70.16667981
 %endblock positions_abs
