 %block lattice_cart
   139.252   0.000   0.000
   0.000 142.425   0.000
   0.000   0.000   162.84
 %endblock lattice_cart

 %block positions_abs
O      62.53007770      58.14598740      62.32148102
H      63.53730183      59.59351777      62.84682494
C      60.70271236      57.36930990      63.99577853
C      59.15124705      55.28494176      63.21343185
H      59.52163341      54.41188822      61.39362541
C      57.38813241      54.30984300      64.98788484
H      56.16170003      52.75648796      64.44364368
C      56.94215700      55.35486164      67.25366669
H      55.68170955      54.50826426      68.63694636
C      58.46905585      57.42033251      68.02467504
H      58.60700587      58.00992712      69.98621094
C      60.19248624      58.37086483      66.37683369
N      61.62678852      60.35318773      67.11571668
H      62.51118043      61.28482281      65.69653221
H      61.58899399      61.14309334      68.86182379
 %endblock positions_abs
