 %block lattice_cart
   139.252   0.000   0.000
   0.000 142.425   0.000
   0.000   0.000   162.84
 %endblock lattice_cart

 %block positions_abs
O      61.96221494      58.04205246      61.71204428
H      62.23055607      59.84107192      61.99361350
C      60.18965166      57.02348998      63.28429657
C      59.05203642      54.72369307      62.73627595
H      59.33360564      53.77127099      60.93725649
C      57.17553819      53.70513057      64.36333031
H      56.44232438      51.79461727      64.19892412
C      56.53870042      54.94290132      66.55541282
H      54.91920497      54.17945189      67.56263696
C      58.02402530      57.06695369      67.37933349
H      57.79725814      57.93244834      69.22748583
C      59.72477898      58.14598741      65.67102091
N      61.45198883      59.70123216      66.61021489
H      61.41230458      60.04138291      68.49805147
H      63.07148428      59.94689659      65.61810858
 %endblock positions_abs
