 %block lattice_cart
   139.252   0.000   0.000
   0.000 142.425   0.000
   0.000   0.000   162.84
 %endblock lattice_cart

 %block positions_abs
O      62.22583176      58.69778749      65.20614824
H      62.15402216      60.52515284      65.39512087
C      60.31909791      57.50348046      66.43258062
C      59.68414987      55.05439516      65.74094078
H      60.27752393      54.26448956      63.94192133
C      58.03819825      53.63710043      67.25083211
H      57.51852351      51.70580014      66.78595944
C      57.18215223      54.47613891      69.59787219
H      56.18059728      53.11553597      70.76383332
C      57.77552629      57.00837217      70.26872503
H      56.99128987      57.86252846      71.96569926
C      59.33077104      58.51448404      68.71537000
N      60.26996502      60.84451659      69.66590234
H      60.53074725      60.85396522      71.56318756
H      60.96727403      62.18433254      68.48293366
 %endblock positions_abs
