 %block lattice_cart
   139.252   0.000   0.000
   0.000 142.425   0.000
   0.000   0.000   162.84
 %endblock lattice_cart

 %block positions_abs
O      59.88635059      61.14120362      62.28841081
H      61.05042200      62.19945035      63.24839178
C      58.61456478      59.67288627      64.07231245
C      56.89869329      57.87764627      63.13500820
H      56.81176588      57.87575655      61.08276542
C      55.33399990      56.44523373      64.67891460
H      54.20961274      55.07140269      63.65279321
C      55.29809510      56.77026666      67.21303758
H      54.01119148      55.66666649      68.37143981
C      56.80987615      58.69211832      68.23726924
H      56.98751042      58.77715600      70.28384284
C      58.59188806      60.01681645      66.73493682
N      60.33232600      61.52481805      67.73082259
H      61.26018162      62.63786685      66.47604432
H      60.88223635      61.10718854      69.52039341
 %endblock positions_abs
