 %block lattice_cart
   139.252   0.000   0.000
   0.000 142.425   0.000
   0.000   0.000   162.84
 %endblock lattice_cart

 %block positions_abs
O      61.47938987      59.33462526      63.01501058
H      62.50740098      60.71790492      63.65562780
C      60.40413560      57.96835314      64.95953895
C      59.74462111      55.50603974      64.38128270
H      60.05831568      54.61975811      62.55391736
C      58.48984284      54.03394296      66.13116927
H      58.00985236      52.07051732      65.76645209
C      58.11945648      54.95990885      68.55568813
H      57.10656318      53.77316072      69.89361436
C      58.82810385      57.47324484      69.16606973
H      58.40102570      58.21212782      71.03122960
C      59.70304713      59.10407865      67.33492493
N      60.16225063      61.56639204      67.59381743
H      59.96949854      62.41487915      69.30213002
H      61.64757551      61.99724964      66.46187137
 %endblock positions_abs
