 %block lattice_cart
   139.252   0.000   0.000
   0.000 142.425   0.000
   0.000   0.000   162.84
 %endblock lattice_cart

 %block positions_abs
O      59.19471075      58.63164707      61.63928982
H      59.17959294      60.40610007      62.12305976
C      57.48639816      57.51292909      63.18886540
C      56.56799117      55.05817461      62.55013790
H      57.36167623      54.21913613      60.84749449
C      54.86912722      53.77694018      64.10538266
H      54.18693602      51.89666250      63.63862026
C      53.97339695      54.93345267      66.33525971
H      52.59578646      54.10575255      67.61271470
C      54.76708200      57.39387633      66.95131049
H      54.12457505      58.37086484      68.64261554
C      56.41303362      58.72424366      65.27323352
N      57.37301458      60.95978988      66.14061790
H      59.17392376      61.22246184      65.54346438
H      56.88924465      61.80827701      67.79034897
 %endblock positions_abs
