 %block lattice_cart
   139.252   0.000   0.000
   0.000 142.425   0.000
   0.000   0.000   162.84
 %endblock lattice_cart

 %block positions_abs
O      61.59655290      56.42822620      62.49628070
H      62.06520502      58.11008261      63.08209586
C      59.93359374      55.40399453      63.98538504
C      59.47250052      52.86420237      63.60932950
H      60.39090751      51.90044195      62.04463611
C      57.88890987      51.58296793      65.18347152
H      57.44671391      49.59119639      64.94536601
C      56.56988090      52.93601197      67.04674167
H      55.35478688      52.03839197      68.43569051
C      57.18593168      55.42100207      67.41523830
H      56.26374524      56.50381525      68.89489400
C      58.87723673      56.74570022      65.91857506
N      59.40824983      59.10218893      66.57053063
H      60.54397534      59.99413975      65.31386264
H      58.21016334      60.22846581      67.55696777
 %endblock positions_abs
