 %block lattice_cart
   139.252   0.000   0.000
   0.000 142.425   0.000
   0.000   0.000   162.84
 %endblock lattice_cart

 %block positions_abs
O      60.97388807      61.43978037      63.06886778
H      60.76223872      63.12541625      63.77373569
C      59.36384125      59.81650547      64.30852824
C      59.32793645      57.29939002      63.27673767
H      60.56759691      56.73436185      61.73661073
C      57.73300744      55.50415003      64.08931998
H      57.88796500      53.73536620      63.05374997
C      55.92642909      56.07862682      65.92802369
H      54.36362543      54.78038485      66.23415935
C      55.91509073      58.63353680      66.98438070
H      54.49968572      59.33651499      68.29774048
C      57.63852113      60.49491722      66.23415935
N      57.78780951      62.97234841      67.07886701
H      59.35250291      64.02870542      66.75005463
H      56.76357786      63.60162728      68.56986107
 %endblock positions_abs
