 %block lattice_cart
   139.252   0.000   0.000
   0.000 142.425   0.000
   0.000   0.000   162.84
 %endblock lattice_cart

 %block positions_abs
O      60.06115027      60.78782479      60.65190782
H      61.36695115      61.94244757      61.24339216
C      58.97077819      59.12675536      62.46793481
C      56.77680594      57.96646341      61.60999906
H      56.13996817      58.03071410      59.65602206
C      55.28392215      56.46413099      63.21626643
H      53.61151436      55.50981920      62.50006016
C      55.98879006      56.31673234      65.74849969
H      54.89463853      55.27171369      67.13744853
C      58.15441642      57.64520993      66.65556832
H      58.61361991      57.78504968      68.65300903
C      59.76257351      58.84518614      64.98127081
N      61.85639027      59.99980892      65.88078053
H      62.47244104      61.55883313      64.95670436
H      62.07937797      59.98280138      67.78562465
 %endblock positions_abs
