 %block lattice_cart
   139.252   0.000   0.000
   0.000 142.425   0.000
   0.000   0.000   162.84
 %endblock lattice_cart

 %block positions_abs
O      62.91180241      57.93528293      62.43297487
H      63.37289563      59.71540511      62.50667420
C      61.07876789      56.99230950      64.01467580
C      60.20949378      54.67172558      63.26445445
H      61.10144460      53.67583982      61.70165079
C      58.10433867      53.62103775      64.54001971
H      57.26152073      51.92028407      63.75578329
C      57.14624743      54.67361531      66.68296935
H      55.78753421      53.57757405      67.76956198
C      58.04953661      57.04711156      67.50311057
H      57.22939539      57.99575417      69.12638548
C      60.03752869      58.24708777      66.13872817
N      61.13545968      60.21807231      67.25933588
H      62.54141605      60.92671968      66.16329462
H      61.61545016      59.61902907      69.01300190
 %endblock positions_abs
