 %block lattice_cart
   139.252   0.000   0.000
   0.000 142.425   0.000
   0.000   0.000   162.84
 %endblock lattice_cart

 %block positions_abs
O      61.49072822      57.37875852      62.31014267
H      62.05008721      59.03037932      62.90162700
C      60.02241088      56.26004054      64.03168333
C      59.20982856      53.73536619      63.54413394
H      60.07532321      52.81695921      61.92274877
C      57.55442831      52.48247765      65.15796022
H      56.63602133      50.71369381      64.66663138
C      56.62846242      53.70891002      67.23098999
H      55.28297729      52.73759071      68.44230454
C      57.53742078      56.05028092      67.82625377
H      56.69838230      56.97057765      69.46086704
C      59.21171829      57.39009689      66.22376585
N      60.13579445      59.62753283      66.99666391
H      59.87123277      59.61052530      68.89205942
H      61.82709950      59.95067604      66.15573570
 %endblock positions_abs
