 %block lattice_cart
   139.252   0.000   0.000
   0.000 142.425   0.000
   0.000   0.000   162.84
 %endblock lattice_cart

 %block positions_abs
O      59.44320976      59.08045707      63.10004826
H      60.47500033      60.44294973      63.78601891
C      58.57204593      57.68583905      65.08237116
C      57.62151360      55.35769622      64.53435053
H      57.68198484      54.69629203      62.59171188
C      56.54625933      53.84213573      66.36549532
H      56.00579760      51.90705598      65.94219663
C      56.27980792      54.82479341      68.83347789
H      55.30470914      53.77977476      70.31124388
C      57.36262109      57.21529720      69.42307250
H      57.05270598      58.15260145      71.22587140
C      58.49834661      58.62125357      67.52011810
N      59.44132004      60.90782241      68.01711613
H      60.28980715      61.76764789      66.52990152
H      59.94587696      61.45395332      69.78212050
 %endblock positions_abs
