 %block lattice_cart
   139.252   0.000   0.000
   0.000 142.425   0.000
   0.000   0.000   162.84
 %endblock lattice_cart

 %block positions_abs
O      60.53074726      55.36997946      62.99989277
H      60.37012051      57.17277836      63.33248460
C      59.03219428      54.03772240      64.67230055
C      58.79030932      51.44879735      64.12805937
H      59.76162864      50.41700678      62.63706531
C      57.33333033      49.96914166      65.71165002
H      56.87601657      48.01705438      65.26756434
C      56.18059728      50.88187946      67.93207844
H      54.91070120      49.68379298      69.01111217
C      56.49996103      53.56340110      68.53112168
H      55.87824107      54.53094097      70.22998564
C      58.03819824      54.99959309      66.89083924
N      58.19693525      57.49214210      67.56169208
H      57.53931050      58.03638328      69.27945330
H      58.68070519      58.72235394      66.17652270
 %endblock positions_abs
