 %block lattice_cart
   139.252   0.000   0.000
   0.000 142.425   0.000
   0.000   0.000   162.84
 %endblock lattice_cart

 %block positions_abs
O      60.95688054      53.54072439      63.25500582
H      62.51968420      54.26826902      62.61060915
C      60.01957629      54.84652527      65.22976982
C      58.36606577      53.71835866      66.87194198
H      57.53647591      51.85130906      66.64895428
C      57.65174922      55.04872598      69.00544299
H      56.34594834      54.09252447      70.26966989
C      58.31126370      57.56962089      69.45141840
H      57.66497730      58.77526627      70.98398644
C      59.82682421      58.69400804      67.55980236
H      60.40697018      60.65176450      67.76956198
C      60.61484008      57.32206674      65.46409588
N      62.00756837      58.57306556      63.76523192
H      62.40819035      60.41176926      64.11672102
H      61.89040534      57.81906476      62.00589673
 %endblock positions_abs
