 %block lattice_cart
   139.252   0.000   0.000
   0.000 142.425   0.000
   0.000   0.000   162.84
 %endblock lattice_cart

 %block positions_abs
O      61.45576828      58.33307031      64.20175871
H      61.86583889      60.10563359      64.47954848
C      59.85705983      57.26159549      65.97621172
C      58.95566038      54.89187869      65.35638148
H      59.55092416      53.95457444      63.62728190
C      57.52702728      53.65221823      67.03067899
H      57.15853065      51.65477752      66.71887416
C      56.98278610      54.57440467      69.47031567
H      55.90564210      53.51426821      70.85926450
C      57.88040610      57.03860779      70.04479247
H      57.46466631      57.82284421      71.89483452
C      59.25612685      58.40676964      68.26656001
N      60.08760643      60.75191999      68.75410940
H      61.67119708      61.43789064      67.92451954
H      59.70021254      61.68733452      70.38116374
 %endblock positions_abs
