 %block lattice_cart
   139.252   0.000   0.000
   0.000 142.425   0.000
   0.000   0.000   162.84
 %endblock lattice_cart

 %block positions_abs
O      61.25167784      57.56773115      63.27957226
H      61.92064096      58.99636425      64.22632514
C      59.39407688      56.32051179      64.75922797
C      58.79881309      53.84874977      64.18286144
H      59.71344062      53.11553596      62.49911529
C      57.16608955      52.42011668      65.63795070
H      56.83160800      50.43590405      65.21087255
C      55.99445924      53.53505520      67.62972223
H      54.69810699      52.56373588      68.89205941
C      56.63885591      55.99736859      68.35159769
H      55.58060918      56.98947490      69.80857667
C      58.20354930      57.41277360      66.73777141
N      58.82337953      59.93933768      67.35571192
H      59.88351599      60.84451658      66.04046241
H      57.59505743      61.06561456      68.30246480
 %endblock positions_abs
