 %block lattice_cart
   139.252   0.000   0.000
   0.000 142.425   0.000
   0.000   0.000   162.84
 %endblock lattice_cart

 %block positions_abs
O      63.47116141      57.73402708      61.03363254
H      64.36878140      59.07384304      61.91991418
C      61.92347555      56.42066729      62.66635608
C      60.88790554      54.25693065      61.84621485
H      61.16758502      53.67489495      59.89601730
C      59.72950330      52.67334001      63.60366032
H      59.48950806      50.75526781      62.90635132
C      59.50651559      53.20057365      66.11699631
H      58.68448466      51.88721386      67.46437117
C      60.39468697      55.53627538      66.97871152
H      60.13012529      56.00870696      68.96103442
C      61.63434743      57.10474822      65.26661947
N      62.75873458      59.31383828      65.99983328
H      63.87178339      60.23791444      64.74127556
H      62.90802297      59.89020480      67.82341917
 %endblock positions_abs
