 %block lattice_cart
   139.252   0.000   0.000
   0.000 142.425   0.000
   0.000   0.000   162.84
 %endblock lattice_cart

 %block positions_abs
O      60.55247911      56.68900842      63.67263534
H      60.91152711      58.34629840      64.38695188
C      58.74779048      55.43045069      65.01812047
C      58.16575478      52.83585647      64.72899235
H      59.09172067      51.55084257      63.42130174
C      56.53114151      51.74359466      66.46187137
H      56.06815857      49.75560258      66.22943504
C      55.55793246      53.09663870      68.45742236
H      54.35984598      52.20279815      69.86904792
C      56.26657983      55.55139319      68.80135255
H      55.57682973      56.58885292      70.43785554
C      57.65174922      56.75325911      66.96831803
N      58.17331368      59.27982319      67.37460918
H      59.48667347      60.24736308      66.36927479
H      57.05648543      60.21334799      68.62371828
 %endblock positions_abs
