 %block lattice_cart
   139.252   0.000   0.000
   0.000 142.425   0.000
   0.000   0.000   162.84
 %endblock lattice_cart

 %block positions_abs
O      62.18803724      56.14193266      62.03518748
H      63.35210865      57.36458559      62.77218075
C      60.56476233      55.21029759      63.79263295
C      59.21360801      53.06545821      63.29185548
H      59.38935257      52.13193342      61.47015932
C      57.69237834      51.91272516      65.00961670
H      56.74940490      50.15716942      64.51450841
C      57.17459333      53.09002467      67.28862663
H      55.67415064      52.52499649      68.57364053
C      58.38779762      55.40304966      67.82152945
H      57.59978175      56.44806832      69.40512010
C      59.96949855      56.48586284      66.03573809
N      61.13734941      58.70062209      66.68580394
H      62.82487501      59.11258242      65.88078053
H      61.16569529      58.61180495      68.60009669
 %endblock positions_abs
