 %block lattice_cart
   139.252   0.000   0.000
   0.000 142.425   0.000
   0.000   0.000   162.84
 %endblock lattice_cart

 %block positions_abs
O      62.34582938      55.52682674      63.65090348
H      62.91652672      57.22758043      64.06475354
C      60.42964689      54.76526704      65.24961194
C      59.33738509      52.45413176      64.74505502
H      59.81737557      51.31084734      63.10855203
C      57.33427519      51.57540902      66.34565320
H      56.54436959      49.69891079      66.07731207
C      56.42720656      52.92845306      68.43569051
H      55.04581664      52.18957007      69.76605783
C      57.74056635      55.09596914      69.07063855
H      57.23222998      55.95012544      70.86965800
C      59.75690434      56.03705285      67.49460680
N      60.89829903      58.24236346      68.00483291
H      62.41574926      58.83384779      66.99382933
H      60.26146126      59.19289579      69.54118040
 %endblock positions_abs
