 %block lattice_cart
   139.252   0.000   0.000
   0.000 142.425   0.000
   0.000   0.000   162.84
 %endblock lattice_cart

 %block positions_abs
O      61.91024746      59.88548049      64.62789198
H      62.74928595      61.22529644      65.57275514
C      60.43059176      58.84424128      66.40234499
C      58.91314153      56.87514647      65.56708596
H      59.09644498      56.39515599      63.57720415
C      57.24829265      55.67517025      67.23949375
H      55.82910819      54.29000086      66.70659093
C      57.15002688      56.65971767      69.62810781
H      55.59667185      56.30066967      70.92257033
C      58.67881547      58.64393030      70.52194835
H      58.52574764      59.32801122      72.45324865
C      60.47405547      59.71918456      68.93646798
N      62.03874885      61.33112112      70.05140650
H      62.74550649      60.80388747      71.75404991
H      63.43147715      61.95851024      68.89489400
 %endblock positions_abs
