 %block lattice_cart
   139.252   0.000   0.000
   0.000 142.425   0.000
   0.000   0.000   162.84
 %endblock lattice_cart

 %block positions_abs
O      62.39401740      58.12992474      61.85849808
H      62.80786746      59.79288389      62.52557146
C      60.57988014      57.43828491      63.37783803
C      59.52163341      55.01754550      63.06981264
H      60.35500271      53.79678230      61.64684873
C      57.75662903      54.16149948      64.76489714
H      56.98562069      52.27744235      64.48521765
C      56.94026726      55.56934558      66.79635293
H      55.44738347      54.90605165      68.04357230
C      57.81332082      58.07134322      66.99288447
H      57.22939539      59.31667286      68.51789360
C      59.56131766      59.06722899      65.14095268
N      60.22461159      61.49930675      65.53968493
H      59.84855606      62.06811437      67.32925575
H      61.59844262      62.20039522      64.40206969
 %endblock positions_abs
