 %block lattice_cart
   139.252   0.000   0.000
   0.000 142.425   0.000
   0.000   0.000   162.84
 %endblock lattice_cart

 %block positions_abs
O      61.91213719      58.71007072      64.04396655
H      62.74928594      60.13870381      64.84898996
C      60.12823555      57.66505206      65.61621885
C      58.70527164      55.48997707      64.84521051
H      59.30809433      54.81156533      63.00461708
C      57.14246798      54.37503855      66.65178887
H      56.21272263      52.61570336      66.14723194
C      56.78341998      55.46919009      68.97237278
H      55.52486226      54.48464268      70.26494558
C      58.06654415      57.69150823      69.65267425
H      57.85678453      58.60235632      71.48381905
C      59.67470124      58.81211594      67.99349455
N      60.95404595      60.78876966      68.94402688
H      62.32787698      61.75630953      68.02561990
H      61.20348982      60.75475459      70.84509156
 %endblock positions_abs
