 %block lattice_cart
   139.252   0.000   0.000
   0.000 142.425   0.000
   0.000   0.000   162.84
 %endblock lattice_cart

 %block positions_abs
O      61.15057749      57.05561532      62.23549847
H      61.30553505      58.77526627      62.87044651
C      60.17358898      55.55895209      64.03640764
C      59.42903682      53.12120514      63.38634180
H      60.10366911      52.49192628      61.55330727
C      58.30087021      51.52627613      65.20992768
H      57.94749139      49.57040940      64.69970158
C      57.71505505      52.43712421      67.71003561
H      56.84956040      51.22391992      69.11977144
C      58.58999833      54.85786363      68.26750486
H      58.69960246      55.50415003      70.21392296
C      59.82965880      56.44523373      66.48549295
N      60.82743429      58.62408816      67.45492255
H      61.78552553      59.79760821      66.28329224
H      60.54397534      58.96612863      69.31819269
 %endblock positions_abs
