 %block lattice_cart
   139.252   0.000   0.000
   0.000 142.425   0.000
   0.000   0.000   162.84
 %endblock lattice_cart

 %block positions_abs
O      60.66586269      61.96890374      61.11583563
H      61.18931688      63.50147178      61.99077892
C      58.96321928      60.61208025      62.65596258
C      58.44921372      58.07417781      62.08715496
H      59.55470361      57.29750030      60.53757938
C      56.61806892      56.66066253      63.45720654
H      56.28736682      54.66511154      63.10760717
C      55.22156118      57.81150585      65.28646161
H      54.01213634      56.65499335      66.47887891
C      55.84706059      60.33995966      65.94219664
H      55.01180156      61.11285772      67.65428868
C      57.68009511      61.73457768      64.71576426
N      58.15630614      64.18933216      65.41496300
H      59.95721532      64.74113224      65.06158418
H      56.70688606      65.40442618      65.72865756
 %endblock positions_abs
