 %block lattice_cart
   139.252   0.000   0.000
   0.000 142.425   0.000
   0.000   0.000   162.84
 %endblock lattice_cart

 %block positions_abs
O      60.89640929      56.22602548      63.79074322
H      61.61072584      57.83418257      64.33687413
C      59.14652273      55.30572876      65.44614347
C      58.16953422      53.02482911      64.81308516
H      58.84605624      51.97036182      63.18225135
C      56.70499633      51.70391042      66.51383884
H      56.20421887      49.74804367      66.12644495
C      55.83005306      52.82829756      68.81741521
H      54.59417205      51.76627139      70.06652431
C      56.69743743      55.33029520      69.22748583
H      56.10784282      56.16177478      71.00949775
C      58.47566989      56.47357962      67.73838149
N      59.38462825      58.88676013      68.44702886
H      60.76979763      59.74091643      67.43980473
H      59.00101380      59.47257528      70.23093051
 %endblock positions_abs
