 %block lattice_cart
   139.252   0.000   0.000
   0.000 142.425   0.000
   0.000   0.000   162.84
 %endblock lattice_cart

 %block positions_abs
O      62.87022844      56.68239437      62.17880668
H      63.88690120      58.02598978      62.92713830
C      61.09388569      55.91138604      63.87956036
C      59.77674646      53.60780966      63.53563018
H      60.27185475      52.25476562      62.07109228
C      57.85300507      52.95207463      65.20614824
H      56.96105426      51.12092984      64.93780710
C      57.00262823      54.56212145      67.02973413
H      55.20927796      54.30889813      67.99727400
C      58.28764212      56.92049989      67.37366431
H      57.74907013      58.17527816      68.90812209
C      60.28508283      57.60458082      65.80708121
N      61.42647753      59.85335513      66.18313674
H      61.41891862      60.46751618      67.99916373
H      62.89101542      60.52231824      65.14189755
 %endblock positions_abs
