 %block lattice_cart
   139.252   0.000   0.000
   0.000 142.425   0.000
   0.000   0.000   162.84
 %endblock lattice_cart

 %block positions_abs
O      63.01384764      58.29338606      63.91168571
H      63.17069492      60.05461098      64.42002209
C      61.19971037      57.40143525      65.40645922
C      59.96760882      55.13565339      64.79985708
H      60.34366435      54.33440943      62.94792529
C      58.67503602      53.75426346      66.60454570
H      57.93615303      51.89855223      66.12833467
C      57.97205783      54.88620952      68.85709947
H      56.76830217      53.74670455      70.07030377
C      59.00573813      57.33718455      69.40134065
H      58.68448465      58.36519567      71.14933749
C      60.77830141      58.58629364      67.77995547
N      61.72694402      60.96734879      68.53206654
H      62.59432839      60.85585495      70.23659968
H      62.78897020      61.88764552      67.22815539
 %endblock positions_abs
