 %block lattice_cart
   139.252   0.000   0.000
   0.000 142.425   0.000
   0.000   0.000   162.84
 %endblock lattice_cart

 %block positions_abs
O      60.91625143      59.53966057      61.45693123
H      62.11244818      60.61680456      62.35266151
C      59.77674646      58.04110760      63.21059725
C      59.26841008      55.61469901      62.57753894
H      59.64824507      55.03077359      60.64623865
C      57.76040848      54.07268235      64.15168096
H      57.05176112      52.28878070      63.41657742
C      57.01207686      54.89660301      66.54407447
H      56.24673771      53.59836103      67.93869249
C      57.82843863      57.34379859      67.28862664
H      57.40136048      57.87481168      69.22748583
C      59.18148267      58.86502828      65.65023392
N      59.89957867      61.20828891      66.53084638
H      60.78397058      61.02120600      68.22026171
H      61.08443707      62.16826986      65.37055443
 %endblock positions_abs
