 %block lattice_cart
   139.252   0.000   0.000
   0.000 142.425   0.000
   0.000   0.000   162.84
 %endblock lattice_cart

 %block positions_abs
O      61.47938987      55.20179381      61.78574362
H      61.95749061      56.91010639      62.28274164
C      59.96382936      53.91866965      63.42791578
C      59.05676073      51.57729873      62.78351911
H      59.54619985      50.84219521      60.92780786
C      57.44860363      50.29795403      64.31797687
H      56.85333985      48.35153593      64.03451793
C      56.63602133      51.36186995      66.58564845
H      55.10723273      50.56440544      67.69869725
C      57.46372145      53.80717578      67.11477181
H      56.94782617      54.76526702      68.85709947
C      59.04353264      55.18478628      65.47637911
N      60.03752868      57.38253797      66.27573333
H      59.88068141      57.99858876      68.08231168
H      61.26963025      58.35007785      65.17402290
 %endblock positions_abs
