 %block lattice_cart
   139.252   0.000   0.000
   0.000 142.425   0.000
   0.000   0.000   162.84
 %endblock lattice_cart

 %block positions_abs
O      61.84694164      57.41182874      62.94225611
H      62.60850133      59.06344953      63.22949451
C      59.67375637      56.76365261      64.13467342
C      58.46811099      54.40527418      63.50728429
H      59.28636248      53.35458635      61.94070117
C      56.66342236      53.33757880      65.21370715
H      55.95099553      51.43462442      64.90568176
C      55.98312088      54.73597628      67.33209034
H      54.40330968      53.94040150      68.37521926
C      56.96955802      57.04522183      67.88578015
H      56.33460999      58.07701240      69.54684958
C      58.74401102      58.12047611      66.23226963
N      59.66619747      60.37491960      66.62722242
H      59.99878931      60.79821829      68.46592613
H      61.01735179      60.77365185      65.33087018
 %endblock positions_abs
