 %block lattice_cart
   139.252   0.000   0.000
   0.000 142.425   0.000
   0.000   0.000   162.84
 %endblock lattice_cart

 %block positions_abs
O      59.86650845      59.14376290      61.80275115
H      61.19876550      60.28704732      62.35077178
C      59.00857271      57.95890450      63.93058298
C      57.20199435      56.13531861      63.66224184
H      56.41208875      55.90288228      61.78196416
C      56.26846955      55.02415954      65.84487573
H      54.82282892      53.58040864      65.61999830
C      57.43632041      55.45690687      68.21081308
H      56.90341759      54.40243958      69.89077977
C      59.31470837      57.29561057      68.36955009
H      60.26146125      57.64898939      70.15912091
C      60.22366673      58.54660939      66.29085114
N      62.07181906      60.25492198      66.61966352
H      62.92597535      60.23413499      68.33553501
H      62.77479725      61.34151461      65.20614824
 %endblock positions_abs
