 %block lattice_cart
   140.777   0.000   0.000
   0.000 144.511   0.000
   0.000   0.000   162.462
 %endblock lattice_cart

 %block positions_abs
C      61.40190652      56.89580453      66.67160363
H      61.66457847      58.90647333      67.00230572
C      60.31153443      55.43693582      68.62747035
H      59.96571452      55.99818453      70.57199874
C      60.26051182      52.87635666      68.16448741
H      59.81075696      51.50819481      69.63280476
C      60.54963996      51.81433047      65.69272539
H      60.16035634      49.83578702      65.29966231
C      61.40190652      53.41870811      63.72174084
H      61.64946067      52.74218609      61.79988918
C      61.81008741      55.93015438      64.27543065
C      62.66424369      57.74051219      62.21562898
H      62.71904575      56.81265657      60.37125609
H      61.22805170      59.22016789      62.31389474
H      64.59743371      58.33577598      62.62192013
 %endblock positions_abs
