 %block lattice_cart
   140.777   0.000   0.000
   0.000 144.511   0.000
   0.000   0.000   162.462
 %endblock lattice_cart

 %block positions_abs
C      62.47338134      57.33233130      70.51247235
H      63.02707115      59.30898503      70.48979564
C      62.41102037      56.09078112      72.83494599
H      63.34076572      57.13202031      74.34294759
C      61.44725995      53.65681362      72.96533711
H      61.32631747      52.60234635      74.72467231
C      60.61389065      52.38502783      70.74301896
H      59.59154871      50.61246454      70.94899913
C      61.08632223      53.55476840      68.35440490
H      60.38901322      52.74596554      66.59884916
C      61.73260863      56.07944276      68.25613914
C      62.14078951      57.45138406      65.76736958
H      60.78585574      59.00851855      65.76736958
H      63.99839048      58.34522461      65.66532436
H      61.93102989      56.18715717      64.14976386
 %endblock positions_abs
