 %block lattice_cart
   140.777   0.000   0.000
   0.000 144.511   0.000
   0.000   0.000   162.462
 %endblock lattice_cart

 %block positions_abs
C      60.69987320      55.36323649      62.62853418
H      60.47121631      53.50752526      61.77626761
C      62.70109336      57.02997509      61.99736559
H      63.92941546      56.75785452      60.37409069
C      63.02234684      59.37323573      63.17466508
H      64.57759158      60.62234482      62.67955679
C      61.44253563      59.99306596      65.19100306
H      61.67308225      61.89413063      65.93555522
C      59.47344081      58.37734996      65.81272301
H      58.12228650      59.05387199      67.20545131
C      59.01234760      56.04731741      64.55038584
C      57.01301716      54.24073906      65.41021131
H      57.84638647      52.36046138      65.25147430
H      56.77302192      54.54876445      67.43788764
H      55.35383745      54.39947607      64.19700702
 %endblock positions_abs
