 %block lattice_cart
   140.777   0.000   0.000
   0.000 144.511   0.000
   0.000   0.000   162.462
 %endblock lattice_cart

 %block positions_abs
C      59.79091483      55.45205362      64.00897924
H      59.82870936      54.13302465      62.43483724
C      61.23277601      57.68571012      63.94283882
H      62.43653167      58.17136979      62.34790983
C      61.17986368      59.34111037      65.95917680
H      62.44598031      60.95682637      66.06311175
C      59.70020797      58.94993703      68.00764013
H      59.76634839      60.20093585      69.63469448
C      58.26023652      56.79753876      68.20228194
H      57.06970895      56.35912226      69.81610821
C      58.38873790      55.03064466      66.20484122
C      56.95065618      52.62124361      66.29176863
H      58.02591046      50.89025430      65.97429462
H      55.70532655      52.16204012      67.87157984
H      55.57682515      52.58911827      64.75353141
 %endblock positions_abs
