 %block lattice_cart
   140.777   0.000   0.000
   0.000 144.511   0.000
   0.000   0.000   162.462
 %endblock lattice_cart

 %block positions_abs
C      59.27218496      55.93676843      69.96067227
H      58.43125675      57.08005285      71.44599716
C      58.46527183      53.32705639      69.54682220
H      57.11411752      52.41431858      70.79593130
C      59.41580416      51.97401235      67.44733627
H      58.72227460      50.09751412      66.98057387
C      61.12789620      53.27036460      65.80516411
H      61.65890930      52.26314048      64.09685153
C      61.96315524      55.65708893      66.33050803
H      63.47682601      56.36006712      65.13431126
C      61.00128453      57.04981723      68.28826448
C      61.78363124      59.81259710      68.68321728
H      63.25761775      59.88818615      70.12696818
H      62.33165186      60.61573078      66.86341084
H      60.16791523      60.83871848      69.45044617
 %endblock positions_abs
