 %block lattice_cart
   140.777   0.000   0.000
   0.000 144.511   0.000
   0.000   0.000   162.462
 %endblock lattice_cart

 %block positions_abs
C      60.24539402      55.37457484      69.23501737
H      59.85800012      55.73173312      71.22111972
C      59.78052134      53.13335944      68.00291581
H      59.00573355      51.47229001      68.93266116
C      60.21893785      52.84234158      65.34029144
H      59.68981448      51.04899131      64.48802487
C      61.40190652      54.78120078      63.97590904
H      61.99906003      54.45238841      62.03893957
C      61.53607709      57.10745387      65.09084756
H      62.19370185      58.65325000      63.90598917
C      60.97860783      57.48350942      67.76103084
C      60.94081330      60.15180296      68.83628512
H      61.05230715      60.18203859      70.89608680
H      62.57164711      61.12123256      68.02181307
H      59.28730278      61.28563876      68.34873573
 %endblock positions_abs
