 %block lattice_cart
   140.777   0.000   0.000
   0.000 144.511   0.000
   0.000   0.000   162.462
 %endblock lattice_cart

 %block positions_abs
C      62.49794778      56.30998937      64.41149096
H      63.18391843      55.51063514      62.64837631
C      63.22927186      58.78364112      64.89148144
H      64.17035557      59.87590292      63.42694355
C      62.57731629      59.91936663      67.18938864
H      63.15557254      61.84688747      67.60134897
C      61.13923456      58.55309451      68.87691423
H      60.51562488      59.54709055      70.56255010
C      60.71593587      55.95283110      68.53487377
H      59.58210008      54.87946655      69.87091027
C      61.39434761      54.77364188      66.22562822
C      60.93514412      51.99574420      65.70406375
H      62.42424845      50.85623923      66.56199950
H      59.07376370      51.38725233      66.34846043
H      61.02585098      51.60646058      63.67827715
 %endblock positions_abs
