 %block lattice_cart
   140.777   0.000   0.000
   0.000 144.511   0.000
   0.000   0.000   162.462
 %endblock lattice_cart

 %block positions_abs
C      61.87150351      53.20516904      62.55861430
H      62.13606519      51.31166328      61.81217241
C      63.47966059      55.14213851      61.83862858
H      64.85727107      54.92859944      60.32873725
C      63.33037221      57.50996558      62.94600820
H      64.58326077      59.03497471      62.37531085
C      61.61450072      58.01830196      64.84329342
H      61.34615958      59.91369745      65.58784558
C      60.15941147      55.92448520      65.83162028
H      59.00478869      56.11345783      67.51914587
C      60.34082518      53.64925472      64.64487215
C      59.07848802      51.27575847      65.87697371
H      57.30214528      50.90159266      64.89431603
H      60.23122106      49.56555616      65.91854769
H      58.63440232      51.73118252      67.84039935
 %endblock positions_abs
