 %block lattice_cart
   140.777   0.000   0.000
   0.000 144.511   0.000
   0.000   0.000   162.462
 %endblock lattice_cart

 %block positions_abs
C      61.00033967      54.51096992      66.91443346
H      59.54902988      54.03097944      68.28637475
C      61.73166377      52.68927376      65.09651673
H      60.68853483      50.92237965      65.18911332
C      63.73477365      53.20138959      63.49780827
H      64.02768123      51.95605995      61.88965118
C      65.01222864      55.39914129      63.71512680
H      66.48621517      55.56732693      62.29405261
C      64.58326077      56.91659152      65.73713396
H      65.68497120      58.62868356      66.01114427
C      62.54802552      56.58399969      67.39442394
C      62.11527820      58.26396638      69.53359413
H      60.86049993      59.85322621      69.14053105
H      61.07592873      57.34744912      71.06238271
H      63.94264354      58.86867880      70.27625656
 %endblock positions_abs
