 %block lattice_cart
   140.777   0.000   0.000
   0.000 144.511   0.000
   0.000   0.000   162.462
 %endblock lattice_cart

 %block positions_abs
C      59.66713777      54.89647409      65.25052944
H      58.91691642      53.01052723      64.93305542
C      60.78396602      55.87157287      63.22852228
H      60.57042695      54.90403299      61.42761311
C      62.22771692      58.09767046      63.42505382
H      63.40690614      58.78364111      61.89059605
C      62.13701006      59.55275972      65.60957744
H      63.01195334      61.40469151      65.76264527
C      60.90490851      58.64002191      67.67882775
H      60.90490851      59.70960701      69.43249377
C      59.69737339      56.27030512      67.58056198
C      58.55408897      55.01552685      69.88224863
H      56.99317504      53.72106432      69.50052391
H      60.22082758      54.12735548      70.71183848
H      57.81331626      56.32510718      71.29576391
 %endblock positions_abs
