 %block lattice_cart
   140.777   0.000   0.000
   0.000 144.511   0.000
   0.000   0.000   162.462
 %endblock lattice_cart

 %block positions_abs
C      59.58587952      56.31754829      63.69150523
H      59.59154870      54.43727060      62.86569483
C      61.44537021      57.92570537      62.64837630
H      62.76439919      57.61767999      61.10258018
C      61.57198188      60.30865026      63.68394632
H      62.88345195      61.65035594      62.84679756
C      60.19059194      60.91147294      65.91760282
H      60.87278314      62.51585059      67.00230573
C      58.49550745      59.24851380      66.91915778
H      57.59788744      59.67370222      68.71628749
C      58.09299574      56.93359906      65.69461512
C      56.54530988      54.93804808      66.89837078
H      55.70438169      55.58055502      68.67093406
H      54.87290210      54.61112542      65.73429938
H      57.55820320      53.19194095      67.33111811
 %endblock positions_abs
