 %block lattice_cart
   140.777   0.000   0.000
   0.000 144.511   0.000
   0.000   0.000   162.462
 %endblock lattice_cart

 %block positions_abs
C      59.14557330      55.51535945      67.75252708
H      58.58810404      56.68887949      69.34367663
C      58.70337735      53.00391319      67.97929423
H      57.72260939      52.27447883      69.63091503
C      59.28163360      51.40898418      66.10846518
H      59.08699179      49.36619004      66.17460560
C      60.39657212      52.26880965      63.86158060
H      60.73483313      50.84017655      62.42538860
C      61.07120442      54.70088741      63.61213672
H      62.42424846      55.35284298      62.21184953
C      60.40791048      56.38652328      65.54154729
C      61.76851343      58.99623533      65.58123154
H      60.31153444      60.45888349      65.51887057
H      62.56975738      59.06615519      67.48040649
H      63.23116159      59.40630594      64.18283407
 %endblock positions_abs
