 %block lattice_cart
   140.777   0.000   0.000
   0.000 144.511   0.000
   0.000   0.000   162.462
 %endblock lattice_cart

 %block positions_abs
C      58.92636505      57.78870020      63.54505144
H      58.85455545      56.68887949      61.80839296
C      60.67058244      59.66897789      63.67922200
H      61.81953604      60.08282795      62.02571149
C      60.94081330      60.92375617      66.00925455
H      62.45826353      62.25790294      66.38342036
C      59.37045074      60.36439717      68.01236444
H      59.57265145      61.10516988      69.91909829
C      57.32198741      58.75624007      67.61552191
H      56.15035710      58.44443524      69.27470161
C      57.18214767      57.30304055      65.42721884
C      55.43037137      55.03725870      65.47257228
H      55.94626666      53.64264067      64.04393918
H      55.95571529      54.15097705      67.26025336
H      53.46127656      55.65330948      65.46879282
 %endblock positions_abs
