 %block lattice_cart
   140.777   0.000   0.000
   0.000 144.511   0.000
   0.000   0.000   162.462
 %endblock lattice_cart

 %block positions_abs
C      59.49233808      55.43599095      62.60680233
H      59.24289421      54.16231542      61.01754250
C      61.22332738      57.42209331      62.29877694
H      62.62172485      57.42398303      60.79266506
C      61.08159791      59.42331347      63.95606692
H      62.35527344      60.99367604      63.59134973
C      59.30147572      59.45921827      65.96295625
H      59.48855863      61.02013221      67.28387496
C      57.91063716      57.23123095      66.45806455
H      56.91664111      57.02525078      68.24196620
C      58.07693307      55.09584022      64.80455403
C      56.42720200      52.84895563      65.43194317
H      56.84105206      51.36929993      64.05433269
H      56.83727261      52.00046852      67.26875714
H      54.41464348      53.30060022      65.49997332
 %endblock positions_abs
