 %block lattice_cart
   140.777   0.000   0.000
   0.000 144.511   0.000
   0.000   0.000   162.462
 %endblock lattice_cart

 %block positions_abs
C      59.96004534      55.57394097      63.05183288
H      59.72193982      54.07538801      61.66666349
C      61.70993190      57.59027895      62.74569720
H      62.96282045      57.75657487      61.12620175
C      61.78741068      59.43276210      64.68455640
H      63.21604378      60.90863836      64.73935846
C      60.21704812      59.23812029      66.81994713
H      60.43436664      60.50045747      68.42621450
C      58.59566294      57.19343642      67.13553143
H      57.22561136      57.19154670      68.66998919
C      58.37267524      55.44921904      65.13242154
C      56.31854273      53.40831462      65.36863732
H      56.34499890      52.80171247      67.34151160
H      54.35322737      53.83350304      64.89809547
H      56.74940033      51.63764106      64.40109745
 %endblock positions_abs
