 %block lattice_cart
   140.777   0.000   0.000
   0.000 144.511   0.000
   0.000   0.000   162.462
 %endblock lattice_cart

 %block positions_abs
C      61.43875619      54.72828844      64.61463653
H      61.23844520      52.86312857      63.77370832
C      62.65196048      56.46494694      63.25214386
H      63.24911400      56.10211948      61.32084357
C      63.06392082      58.80064865      64.41810500
H      64.05224768      60.27463518      63.38442470
C      62.10771931      59.30331586      66.83884440
H      62.31936865      61.25918258      67.42654929
C      60.79813896      57.45516351      68.17299118
H      59.89484978      57.77452726      69.98712844
C      60.66774786      55.02308575      67.10151636
C      59.23533530      52.96706353      68.36952272
H      60.55058482      51.37969342      68.24291105
H      58.83660306      53.45083346      70.33294836
H      57.41363914      52.55699291      67.49079998
 %endblock positions_abs
