 %block lattice_cart
   140.777   0.000   0.000
   0.000 144.511   0.000
   0.000   0.000   162.462
 %endblock lattice_cart

 %block positions_abs
C      61.52946305      53.55287868      65.59729421
H      60.26712587      51.93527296      65.59729421
C      62.77479269      54.36924045      63.30694592
H      62.35527344      53.30532454      61.59863334
C      64.35649361      56.51219009      63.22757742
H      65.20309100      56.99784975      61.42099906
C      64.77412313      57.95216154      65.40832158
H      65.95709180      59.63212823      65.42532912
C      63.50989622      57.13579977      67.59095547
H      63.58359555      58.27341501      69.29926806
C      61.96598982      54.93237889      67.73646440
C      60.86238966      53.91003696      70.10807092
H      58.85172086      53.54154032      69.83028116
H      61.74678157      52.22251136      70.89797652
H      61.10994380      55.42181801      71.49135058
 %endblock positions_abs
