 %block lattice_cart
   140.777   0.000   0.000
   0.000 144.511   0.000
   0.000   0.000   162.462
 %endblock lattice_cart

 %block positions_abs
C      57.98244675      55.96983864      68.30905148
H      57.34182953      56.92415043      70.01169488
C      57.06781923      53.58689376      67.76103085
H      55.63351695      52.76864227      68.97990431
C      57.87851181      52.18660656      65.63319902
H      57.23600486      50.27231381      65.25525375
C      59.66619290      53.38847250      64.01937274
H      60.32192793      52.55888265      62.25814782
C      60.67341702      55.66559271      64.72046120
H      61.93386448      56.55943325      63.36741716
C      59.87784224      57.00729839      66.83128550
C      61.02301639      59.53386247      67.33395270
H      63.08659752      59.51685493      67.37741639
H      60.37484026      60.82076609      65.85618671
H      60.33893546      60.40691602      69.07439063
 %endblock positions_abs
