 %block lattice_cart
   140.777   0.000   0.000
   0.000 144.511   0.000
   0.000   0.000   162.462
 %endblock lattice_cart

 %block positions_abs
C      59.28919251      58.18554273      68.37708162
H      59.40068635      60.05637178      69.22178928
C      57.84544160      56.28447807      69.56005029
H      56.99128530      56.56793701      71.40631290
C      57.83221351      53.92420990      68.50180356
H      57.16325040      52.25369185      69.49579960
C      59.05297671      53.41965298      66.22846280
H      59.23061098      51.44677870      65.68611135
C      60.38334404      55.35095327      65.09651674
H      61.46048803      55.09584021      63.36741716
C      60.51184542      57.68854472      66.15854293
C      62.00094977      59.81637654      64.69211531
H      60.72727423      60.95021234      63.53182335
H      63.05163760      61.06548564      65.95445249
H      63.31241982      59.09639083      63.27104112
 %endblock positions_abs
