 %block lattice_cart
   140.777   0.000   0.000
   0.000 144.511   0.000
   0.000   0.000   162.462
 %endblock lattice_cart

 %block positions_abs
C      61.19876094      55.48134439      62.72963454
H      61.54080140      53.85806948      61.52020970
C      62.34960426      57.85295091      62.14948856
H      63.27745988      58.23467562      60.35613829
C      62.10582957      59.90330396      63.82189635
H      63.15651740      61.65319052      63.60457782
C      60.80569787      59.51779979      66.00453024
H      60.84538212      61.00312467      67.42371470
C      59.51312507      57.24256931      66.61491184
H      58.42653244      57.24634876      68.35723950
C      59.63217783      55.17142927      64.91415815
C      58.11094814      52.81116111      65.41682535
H      59.07848802      51.56394174      66.74530295
H      56.14941223      53.11351732      65.98374325
H      58.13173513      51.74157601      63.65182098
 %endblock positions_abs
