 %block lattice_cart
   140.777   0.000   0.000
   0.000 144.511   0.000
   0.000   0.000   162.462
 %endblock lattice_cart

 %block positions_abs
C      58.63629205      55.50969028      68.54337754
H      57.85016592      56.15975613      70.32727918
C      58.30370023      53.04737689      67.74024386
H      57.16419525      51.65842805      68.73612963
C      59.40163121      52.19700005      65.46501337
H      58.89518456      50.30727374      64.83573451
C      60.59404851      53.92232017      63.87008436
H      61.36694658      53.21178308      62.10507998
C      60.97199378      56.42431781      64.76770437
H      62.21921314      57.65830910      63.70189872
C      59.86461415      57.21422341      67.01836840
C      60.47499575      59.86361970      67.96512128
H      58.64385096      60.80659313      68.05960760
H      61.33104178      60.08471768      69.83028115
H      61.82615008      61.06737536      66.97301497
 %endblock positions_abs
