 %block lattice_cart
   140.777   0.000   0.000
   0.000 144.511   0.000
   0.000   0.000   162.462
 %endblock lattice_cart

 %block positions_abs
C      59.69642853      58.70899693      66.10563059
H      59.08226748      57.33516590      64.70723312
C      61.28379862      60.51935473      65.26659211
H      61.96410009      60.57226707      63.33151236
C      62.15874190      62.23522623      67.04671430
H      63.36816675      63.71110248      66.28515459
C      61.34993904      62.16152690      69.63941880
H      61.84504734      63.51835039      71.10017724
C      59.50367644      60.38707389      70.29326410
H      58.78935989      60.14518892      72.20377740
C      58.77424208      58.55214964      68.55093644
C      57.01679661      56.51313495      69.20289202
H      55.18376208      56.76446855      68.28637476
H      57.62906794      54.68010043      68.48479602
H      56.64829999      56.22967600      71.21356082
 %endblock positions_abs
