 %block lattice_cart
   140.777   0.000   0.000
   0.000 144.511   0.000
   0.000   0.000   162.462
 %endblock lattice_cart

 %block positions_abs
C      57.98244676      58.78175140      63.98346795
H      57.51379463      56.99973947      63.08017876
C      59.28824764      60.73950785      62.78349173
H      59.46399219      60.56943248      60.74447704
C      59.86083471      62.93914927      64.10063098
H      60.64696086      64.59265980      63.16899590
C      59.34115998      63.00717943      66.67821767
H      60.04791762      64.58321118      67.79315619
C      58.00890293      61.02674625      67.87063496
H      57.34182954      61.10989421      69.81138390
C      57.33805008      58.90647332      66.51381147
C      55.97177796      56.65014010      67.90276031
H      55.01557645      57.30776486      69.60729345
H      54.69999215      55.59945228      66.66498959
H      57.45332339      55.36134676      68.54148782
 %endblock positions_abs
