 %block lattice_cart
   140.777   0.000   0.000
   0.000 144.511   0.000
   0.000   0.000   162.462
 %endblock lattice_cart

 %block positions_abs
C      61.36316713      54.26058119      64.45967897
H      61.12884107      52.82627892      63.00836916
C      62.92786051      56.30148560      64.06850563
H      64.20342579      56.27124998      62.45845881
C      63.07525917      58.30081605      65.80327438
H      64.11838810      59.98645192      65.26092293
C      61.68064116      58.14774822      68.12763775
H      61.59560347      59.69354433      69.47501261
C      59.96476966      56.04637256      68.35440490
H      58.57393109      55.80070813      69.84917842
C      59.78902512      54.05649075      66.51003202
C      58.02402074      51.84362124      66.76514507
H      56.40830474      52.07038839      65.50280790
H      59.07848802      50.11641139      66.36452310
H      57.28513775      51.83417259      68.69266591
 %endblock positions_abs
