 %block lattice_cart
   140.777   0.000   0.000
   0.000 144.511   0.000
   0.000   0.000   162.462
 %endblock lattice_cart

 %block positions_abs
C      59.87311793      53.21367281      64.27732038
H      59.51029048      51.54693420      63.13214625
C      61.00317426      55.37740944      63.29277298
H      61.42836268      55.31693820      61.28588364
C      61.67213738      57.32571727      64.82912047
H      62.56597792      58.98678670      64.01086897
C      61.05797632      57.20099533      67.41237634
H      61.70237300      58.71655583      68.63880872
C      59.78430080      55.09395049      68.44983609
H      59.53485692      54.79348401      70.46617407
C      59.38556854      53.02470018      66.85868654
C      58.34243962      50.65876284      68.14559016
H      59.14746303      50.30727374      70.01263975
H      56.28830712      50.69277791      68.32322443
H      58.61267048      49.06572355      66.86057625
 %endblock positions_abs
