 %block lattice_cart
   140.777   0.000   0.000
   0.000 144.511   0.000
   0.000   0.000   162.462
 %endblock lattice_cart

 %block positions_abs
C      59.65107509      55.14497310      67.46056436
H      59.11439282      56.47534042      68.93077143
C      58.39062764      52.90753714      67.57961712
H      57.04892196      52.37652405      69.04037556
C      58.92730991      51.06316426      65.83162028
H      58.09772006      49.18288658      65.84295864
C      60.47877522      51.52047803      63.75670079
H      60.82837458      49.92932847      62.50570197
C      61.69575896      53.85806948      63.53560281
H      63.00911875      54.12830034      61.97846833
C      61.33293151      55.70055263      65.43666748
C      62.89762490      58.13074067      65.12486264
H      64.76278477      57.68098581      64.37086184
H      61.70898705      59.43276210      64.04960836
H      63.26045235      58.94332299      66.98624305
 %endblock positions_abs
