 %block lattice_cart
   140.777   0.000   0.000
   0.000 144.511   0.000
   0.000   0.000   162.462
 %endblock lattice_cart

 %block positions_abs
C      59.59721789      54.24073905      64.81211294
H      60.06587002      52.97651215      63.25875791
C      60.58365503      56.66525791      64.79132595
H      61.69292438      57.25296280      63.16616132
C      59.96193507      58.43026229      66.74341322
H      60.80853246      60.29542216      66.59601457
C      58.34432935      57.69515875      68.68605188
H      57.91347175      59.20693981      70.00886030
C      57.38056893      55.21961728      68.58211692
H      56.15791601      54.59789733      70.11279524
C      58.01551697      53.41492866      66.73207487
C      57.03096956      50.87513649      66.83412008
H      55.29998026      50.64836933      67.93394079
H      56.58310443      50.11357679      64.96896022
H      58.48416910      49.67327056      67.66748938
 %endblock positions_abs
