 %block lattice_cart
   140.777   0.000   0.000
   0.000 144.511   0.000
   0.000   0.000   162.462
 %endblock lattice_cart

 %block positions_abs
C      57.56009292      54.03948320      69.76414074
H      56.18059271      54.66876208      71.14742040
C      57.87945668      51.46189652      69.51469686
H      57.10088943      50.19955934      70.93577105
C      59.54808500      50.44900322      67.82150209
H      59.91280218      48.43266524      67.65709590
C      60.70081805      51.95322536      66.08295388
H      61.94803743      51.14631223      64.66376942
C      60.66302354      54.52325314      66.27759569
H      61.95937578      55.80637732      65.33084281
C      59.07754316      55.61173550      68.11063021
C      59.14557330      58.50868594      68.25613914
H      57.78119091      59.30615045      69.58272701
H      61.05419688      59.09450109      68.78715223
H      58.55030952      59.53480733      66.56672381
 %endblock positions_abs
