 %block lattice_cart
   140.777   0.000   0.000
   0.000 144.511   0.000
   0.000   0.000   162.462
 %endblock lattice_cart

 %block positions_abs
C      58.90463320      55.71567044      62.53026841
H      58.85739004      54.10751335      61.25281342
C      60.30681012      57.71689061      61.63642786
H      61.27057054      57.71122143      59.82040088
C      60.41452452      59.85039162      63.23891578
H      61.21576848      61.61917545      62.57373211
C      59.35816751      59.75023612      65.66910381
H      59.57926549      61.25067881      67.05616293
C      58.11094815      57.57894059      66.52703956
H      57.24545350      57.61106594      68.39030970
C      57.61772958      55.56071289      64.79793998
C      56.27224444      53.20800363      65.75792095
H      55.57682516      53.41398379      67.68922124
H      54.75101476      52.82627891      64.41810499
H      57.48922819      51.54315474      65.76547986
 %endblock positions_abs
