 %block lattice_cart
   140.777   0.000   0.000
   0.000 144.511   0.000
   0.000   0.000   162.462
 %endblock lattice_cart

 %block positions_abs
C      60.85672047      59.58394021      62.34602009
H      59.90996759      57.76413377      62.24019542
C      61.13828969      61.23367128      60.33913075
H      60.49389302      60.89163082      58.41727909
C      62.26267685      63.62795452      60.68873012
H      62.53479744      64.91863759      59.11458810
C      63.24911398      64.22699776      62.99041677
H      64.37917032      65.92964117      63.19450721
C      63.00155984      62.59049478      64.96329104
H      63.85193668      63.20276610      66.73018514
C      61.80536308      60.28691840      64.80266430
C      61.50867605      58.67687158      67.10435095
H      60.64318140      56.85328569      66.68483171
H      63.36249756      58.51624485      67.99630177
H      60.12917584      59.60472720      68.32700387
 %endblock positions_abs
