 %block lattice_cart
   140.777   0.000   0.000
   0.000 144.511   0.000
   0.000   0.000   162.462
 %endblock lattice_cart

 %block positions_abs
C      60.20098545      55.78275574      65.60957744
H      60.19153682      54.58088979      63.94283883
C      61.39340275      58.17325951      65.30911095
H      62.38172961      58.50207190      63.53843740
C      61.37639522      59.87590292      67.20828590
H      62.21921315      61.74673197      67.10813040
C      60.19720600      59.17859392      69.46083967
H      60.16130120      60.50707151      71.02742278
C      58.83282360      56.85045110      69.78587259
H      57.70654672      56.91470179      71.50363381
C      58.83282360      55.10245426      67.73740926
C      57.17553362      52.83667241      68.00197094
H      56.88073632      52.38880727      69.99563221
H      55.31037375      53.14280807      67.17994001
H      57.94654196      51.21150779      66.98907765
 %endblock positions_abs
