 %block lattice_cart
   140.777   0.000   0.000
   0.000 144.511   0.000
   0.000   0.000   162.462
 %endblock lattice_cart

 %block positions_abs
C      61.90551858      57.05926585      65.88642234
H      61.72977404      55.36040189      64.74313792
C      63.27557016      59.22678193      65.13242154
H      64.25444839      59.13418534      63.32773291
C      63.53446267      61.23745073      66.84073412
H      65.06892043      62.51112627      66.34751556
C      62.18141863      61.30170142      69.00825020
H      62.59148924      62.71899617      70.43499358
C      60.29358204      59.41953401      69.48068179
H      59.21076886      59.58205048      71.21923000
C      60.36728137      57.22178231      68.07094595
C      58.58904891      55.07883268      68.77959333
H      59.70209770      53.51980846      69.54682220
H      57.61017068      55.54370536      70.53703880
H      57.58371451      54.71789495      67.01458894
 %endblock positions_abs
