 %block lattice_cart
   140.777   0.000   0.000
   0.000 144.511   0.000
   0.000   0.000   162.462
 %endblock lattice_cart

 %block positions_abs
C      60.16508065      61.74389739      65.76264527
H      60.04980734      63.74322783      66.21240013
C      59.14084898      60.04692316      67.38403044
H      58.12606595      60.79714450      69.00541562
C      59.29202709      57.41075495      66.80955365
H      58.36039202      55.90464308      67.84890312
C      60.56759235      56.62840826      64.61369167
H      60.48633412      54.68387988      63.95606691
C      61.82237062      58.39908181      63.12836679
H      62.83526393      57.78681049      61.45028982
C      61.52001441      61.01824248      63.61024700
C      62.43275222      62.94765305      61.82256591
H      64.33192718      62.57159751      61.10824936
H      61.07025955      63.15363322      60.28621841
H      62.36661180      64.71643688      62.88459209
 %endblock positions_abs
