 %block lattice_cart
   140.777   0.000   0.000
   0.000 144.511   0.000
   0.000   0.000   162.462
 %endblock lattice_cart

 %block positions_abs
C      61.75339561      56.75785451      65.64737196
H      62.39590256      55.17615359      64.50408755
C      62.51495532      59.22772680      65.21651436
H      63.70548290      59.56976726      63.57812165
C      61.57198189      61.17981408      66.69805980
H      62.18803267      63.11678355      66.38814468
C      60.20759949      60.58266057      68.83911971
H      59.54619528      62.02263202      70.14870004
C      59.53674665      58.10711910      69.37391224
H      58.16102589      57.67248205      70.83467069
C      60.19815086      56.21172361      67.71662227
C      59.75595490      53.45650264      68.41582100
H      57.85111078      52.91037174      68.99029780
H      59.90524328      52.49085250      66.59979402
H      61.35844282      52.66092786      69.44194239
 %endblock positions_abs
