 %block lattice_cart
   140.777   0.000   0.000
   0.000 144.511   0.000
   0.000   0.000   162.462
 %endblock lattice_cart

 %block positions_abs
C      63.58170582      55.99629480      71.21734027
H      63.66296405      58.02019168      71.56127046
C      64.32058881      54.49585211      73.20533235
H      64.79679984      55.14780769      75.09316894
C      64.29980182      51.89369897      72.79904119
H      65.12939167      50.64458988      74.20499757
C      63.77823736      50.88080567      70.40286823
H      63.84059833      48.84746016      70.12696819
C      62.94486806      52.45305796      68.39597888
H      62.51401046      51.72740306      66.52137038
C      62.92597079      55.05521110      68.84006457
C      62.07937340      57.10178469      66.97112524
H      61.47655071      56.36101198      65.13998045
H      60.52979783      58.26774583      67.67410343
H      63.66296405      58.32254789      66.46278886
 %endblock positions_abs
