 %block lattice_cart
   140.777   0.000   0.000
   0.000 144.511   0.000
   0.000   0.000   162.462
 %endblock lattice_cart

 %block positions_abs
C      60.61389064      56.42242810      68.61140768
H      60.80475301      58.34050029      69.32005504
C      59.08510207      54.59506274      69.87185513
H      58.32732180      55.03347926      71.72945609
C      58.85455546      52.18377197      68.97423514
H      57.80386763      50.74946970      70.00224624
C      60.17169469      51.53937529      66.69522520
H      60.06398030      49.67610516      65.83351000
C      61.81764630      53.24390843      65.65587573
H      63.12533691      52.66376245      64.18188921
C      62.01984702      55.72511909      66.57617244
C      63.63367330      57.64697075      65.54060243
H      63.85099183      57.07816313      63.56772815
H      62.75306083      59.50268198      65.72390587
H      65.45536946      57.86050982      66.48546559
 %endblock positions_abs
