 %block lattice_cart
   140.777   0.000   0.000
   0.000 144.511   0.000
   0.000   0.000   162.462
 %endblock lattice_cart

 %block positions_abs
C      60.53924646      58.12696122      63.20017638
H      61.85260624      57.26335630      61.88114743
C      60.40129644      60.79525477      63.22096337
H      61.47655071      61.95743645      61.91327277
C      58.51157012      62.00845907      64.66093482
H      58.36039202      64.05125322      64.80455403
C      56.95821509      60.56848761      66.25964328
H      55.75634916      61.65319052      67.52387020
C      57.27190966      57.91342214      66.39003440
H      56.27980335      56.80982198      67.81110859
C      58.78747017      56.71155622      64.56266906
C      58.70432221      53.89964346      64.15070873
H      60.42208343      52.94344194      64.77053896
H      57.13018019      52.96233920      65.09935133
H      58.35661257      53.57650026      62.14192965
 %endblock positions_abs
