 %block lattice_cart
   140.777   0.000   0.000
   0.000 144.511   0.000
   0.000   0.000   162.462
 %endblock lattice_cart

 %block positions_abs
C      58.61456021      54.70939119      64.55699988
H      58.96226985      53.33933961      63.06411609
C      59.01140273      57.31343405      63.96929500
H      59.54997473      57.70649712      62.02665635
C      58.73928214      59.14835830      65.84201377
H      59.14179385      61.10422503      65.35824384
C      57.81520598      58.31309927      68.11913398
H      57.66213815      59.73228373      69.59689996
C      57.14246341      55.82243999      68.74652312
H      56.66814211      55.31410361      70.67971313
C      57.52418813      54.05176643      66.91348859
C      57.01585175      51.27575848      67.48796539
H      58.32732181      50.31388778      68.76353065
H      55.15825078      51.00363789      68.34023196
H      57.18214766      50.06822336      65.82311651
 %endblock positions_abs
