 %block lattice_cart
   140.777   0.000   0.000
   0.000 144.511   0.000
   0.000   0.000   162.462
 %endblock lattice_cart

 %block positions_abs
C      59.75595490      58.31782357      64.25464368
H      59.80697751      57.35217343      62.44239614
C      60.97104892      60.70832737      64.53810261
H      62.01795730      61.44532062      62.93183526
C      60.64412627      61.97066453      66.84167899
H      61.57198189      63.76212508      67.23663180
C      59.34588429      60.87462327      68.85423752
H      59.44792951      61.70232341      70.72884602
C      58.16480534      58.50679621      68.62369091
H      57.12923533      57.74523650      70.22617883
C      58.57865541      57.27847411      66.29554809
C      57.41080455      54.64608535      66.19161315
H      57.80008817      53.60673587      67.93016135
H      55.36045150      54.71789494      65.97051516
H      57.99472998      53.55571326      64.53999235
 %endblock positions_abs
