 %block lattice_cart
   140.777   0.000   0.000
   0.000 144.511   0.000
   0.000   0.000   162.462
 %endblock lattice_cart

 %block positions_abs
C      60.19815086      56.14180373      63.77559805
H      60.71593587      55.06843919      62.10130054
C      61.59843806      58.25451775      64.15165358
H      63.10266020      58.97639320      62.95356710
C      61.32820720      59.53764192      66.38153063
H      62.38267448      61.27807985      66.67632794
C      59.54430556      58.73450823      68.19188844
H      59.17580893      59.97983787      69.78303800
C      58.14779781      56.48951337      67.87630415
H      56.73239280      55.74118175      69.16320777
C      58.36133688      55.29898580      65.53871270
C      56.77774623      52.93493818      64.80549889
H      55.74784539      52.02220037      66.34373611
H      55.09022064      53.50185607      63.76425969
H      57.85866969      51.57055578      63.69811927
 %endblock positions_abs
