 %block lattice_cart
   140.777   0.000   0.000
   0.000 144.511   0.000
   0.000   0.000   162.462
 %endblock lattice_cart

 %block positions_abs
C      61.91685694      55.23662483      61.95862621
H      63.10927425      54.96828369      60.30700540
C      62.63873239      57.20949910      63.63670317
H      64.15429290      58.48884381      63.10569007
C      61.24600410      57.56854710      65.81177815
H      61.76378911      59.06521034      67.11946877
C      58.93675855      56.28920239      66.18405424
H      57.65363438      56.95627577      67.64481267
C      58.41141463      54.26341578      64.57589714
H      56.59538765      53.30721426      64.66660401
C      59.87784225      53.69271843      62.40649133
C      59.16730516      51.35512698      60.91360754
H      59.39218259      49.76397743      62.20807008
H      57.18120280      51.45150302      60.35802802
H      60.36350191      51.19261052      59.23931004
 %endblock positions_abs
