 %block lattice_cart
   140.777   0.000   0.000
   0.000 144.511   0.000
   0.000   0.000   162.462
 %endblock lattice_cart

 %block positions_abs
C      63.14612391      55.22434160      62.55577971
H      64.06831035      53.69744274      61.53910695
C      64.10232543      57.68854472      62.13815019
H      65.56875304      57.85673036      60.71140684
C      63.31619928      59.71433132      63.41182574
H      64.09098707      61.59082955      63.10757980
C      61.39434762      59.38551895      65.19572738
H      60.80286329      61.08249317      66.19161315
C      60.36633650      56.94210282      65.58123154
H      58.98494657      56.56415756      67.05143862
C      61.19970581      54.85584497      64.30944573
C      60.37011596      52.30471445      64.91037870
H      60.87089343      52.14597744      66.90592969
H      58.31976291      52.12519045      64.79321567
H      61.30364076      50.81183066      63.83323470
 %endblock positions_abs
