 %block lattice_cart
   140.777   0.000   0.000
   0.000 144.511   0.000
   0.000   0.000   162.462
 %endblock lattice_cart

 %block positions_abs
C      60.76884821      52.91509605      65.92232714
H      60.68192080      51.20489374      64.78660163
C      62.65101562      54.62151891      65.19289278
H      63.89067608      54.22278667      63.60363295
C      63.13100610      56.77580692      66.64420259
H      64.88089267      57.83594337      66.45334023
C      61.45670859      57.12162682      68.62085631
H      61.70804219      58.89796956      69.62052153
C      59.55564392      55.56071289      69.41265164
H      58.22338687      56.11818215      70.87341008
C      59.09644042      53.39697626      67.92165758
C      56.99317504      51.54504447      68.40164806
H      57.11789698      50.41876760      70.12696818
H      55.11667681      52.37085487      68.17488090
H      56.91947571      50.15420592      66.87852865
 %endblock positions_abs
