 %block lattice_cart
   140.777   0.000   0.000
   0.000 144.511   0.000
   0.000   0.000   162.462
 %endblock lattice_cart

 %block positions_abs
C      59.69359393      55.62401872      63.90409944
H      59.93358918      54.22184180      62.42255401
C      60.17547414      58.09389101      63.27104112
H      60.60822147      58.54931505      61.31517439
C      59.96004534      59.95527143      65.21179005
H      60.37767486      61.87523337      64.60896735
C      59.15124248      59.30142613      67.64953699
H      58.97549794      60.80375855      69.03848583
C      58.64668556      56.81265657      68.23346242
H      57.94937655      56.51596954      70.14397572
C      59.06620480      54.90214327      66.39853817
C      58.56731705      52.18471683      67.27537118
H      59.74839600      51.95983940      68.95155842
H      56.61334004      51.58756332      67.56827876
H      59.53863638      50.90726184      65.97523948
 %endblock positions_abs
