 %block lattice_cart
   140.777   0.000   0.000
   0.000 144.511   0.000
   0.000   0.000   162.462
 %endblock lattice_cart

 %block positions_abs
C      62.28629843      53.17493342      70.87341009
H      62.89856976      54.60167678      72.21889522
C      62.05575182      50.60490563      71.37418756
H      62.52629367      50.11924597      73.31304676
C      61.49072365      48.85501908      69.50524823
H      61.48694420      46.80655574      69.67343388
C      60.72160504      49.63547603      67.09584718
H      60.20570976      48.31833679      65.60674284
C      60.99561536      52.19605519      66.48924503
H      60.35877759      52.76675253      64.62030572
C      61.78174151      53.99318492      68.30149257
C      62.22582719      56.74084697      67.48513080
H      63.71304180      56.96761414      66.07161552
H      60.54019132      57.82932933      66.99569168
H      63.18958761      57.71783548      69.02714748
 %endblock positions_abs
