 %block lattice_cart
   140.777   0.000   0.000
   0.000 144.511   0.000
   0.000   0.000   162.462
 %endblock lattice_cart

 %block positions_abs
C      57.08199218      57.83310877      68.66715461
H      56.60578115      59.38268435      69.92949179
C      55.69682279      55.65803379      68.79565600
H      54.14913694      55.69204886      70.14681032
C      56.27129959      53.53587114      67.31033112
H      54.90691719      52.00141337      67.36135373
C      58.30653483      53.62468828      65.63225415
H      58.56920678      52.18660655      64.18661352
C      59.82020560      55.80165299      65.58501100
H      61.37545036      55.86779341      64.24708477
C      59.19281647      57.83310877      67.02687217
C      60.60255230      60.30487079      66.59601457
H      60.35121870      61.43492713      68.30621689
H      62.57164712      60.25762763      65.98374325
H      59.51029049      61.18170380      65.08045407
 %endblock positions_abs
