 %block lattice_cart
   140.777   0.000   0.000
   0.000 144.511   0.000
   0.000   0.000   162.462
 %endblock lattice_cart

 %block positions_abs
C      59.06053561      55.92448521      63.92583129
H      59.46493704      54.50908020      62.49341874
C      59.62745351      58.40002667      63.63103399
H      60.64790571      58.75151578      61.88492688
C      58.63345748      60.20282557      65.26186780
H      58.89612942      62.22105329      64.98974721
C      57.45426826      59.33922065      67.44072224
H      56.83443802      60.70549278      68.84478888
C      57.10844834      56.82777438      67.94338944
H      56.06342969      56.18526744      69.58934104
C      57.83599297      55.04009329      66.16704669
C      57.05931546      52.29243124      66.18594395
H      55.07699254      52.19416546      65.62658498
H      58.15913616      50.99796870      65.01053420
H      56.98372640      51.67638046      68.15314906
 %endblock positions_abs
