 %block lattice_cart
   140.777   0.000   0.000
   0.000 144.511   0.000
   0.000   0.000   162.462
 %endblock lattice_cart

 %block positions_abs
C      59.31753839      54.67632098      66.50625257
H      58.60133212      52.76013849      66.30972103
C      61.08254278      55.58149988      64.73179956
H      61.59087915      54.38341340      63.14253973
C      62.24472445      57.89263516      65.01525851
H      63.64879111      58.55403937      63.67166310
C      61.80441822      59.22300249      67.29615817
H      62.51495532      61.12973634      67.57961712
C      60.17925359      58.26113179      69.10273653
H      59.86555902      59.19087714      70.90742515
C      58.73172323      56.07471845      68.58684124
C      56.70215717      55.07883268      70.34617644
H      56.01429681      56.62084935      71.53292456
H      55.26785491      54.15286679      69.18588448
H      57.79441899      53.77681125      71.51780675
 %endblock positions_abs
