 %block lattice_cart
   140.777   0.000   0.000
   0.000 144.511   0.000
   0.000   0.000   162.462
 %endblock lattice_cart

 %block positions_abs
C      57.56009292      56.51880412      67.55410581
H      56.68514965      57.23123095      69.26997731
C      57.27852371      53.89964345      67.19694754
H      56.55097908      52.54470970      68.56132994
C      58.15913616      52.90186797      64.90848898
H      58.07220876      50.85907382      64.70250881
C      59.45548843      54.41931819      63.23230174
H      60.06020085      53.66342768      61.42005420
C      60.02996522      56.93454391      63.72552030
H      60.91435714      58.18176328      62.35357900
C      58.90746779      58.02680572      65.79288089
C      59.13234523      60.83115958      66.42971866
H      59.43848089      61.83271453      64.65148620
H      57.40324565      61.48878433      67.34056674
H      60.68192080      61.19776648      67.73929899
 %endblock positions_abs
