 %block lattice_cart
   140.777   0.000   0.000
   0.000 144.511   0.000
   0.000   0.000   162.462
 %endblock lattice_cart

 %block positions_abs
C      60.52885296      55.45866768      63.59418432
H      60.41924883      53.88263593      62.28082453
C      62.07842855      57.54303580      63.06884041
H      63.20470543      57.58272005      61.35107919
C      62.26362171      59.37040114      64.89431602
H      63.61855549      60.86517466      64.50314268
C      61.08632223      59.21355386      67.23190747
H      61.62867368      60.54203146      68.70211455
C      59.48005486      57.14808300      67.51536642
H      58.47661018      57.01580216      69.30304751
C      59.09644042      55.35473272      65.75981068
C      57.41836345      53.09273032      66.34751556
H      57.89457448      51.27670334      65.48580036
H      57.15758123      52.69588780      68.35440490
H      55.43037138      53.18532692      65.80516411
 %endblock positions_abs
