 %block lattice_cart
   140.777   0.000   0.000
   0.000 144.511   0.000
   0.000   0.000   162.462
 %endblock lattice_cart

 %block positions_abs
C      59.74650627      55.32638683      67.98496341
H      59.12100686      56.23345546      69.71973216
C      58.67503145      53.11918649      67.17994000
H      57.26529562      52.10440346      68.27598126
C      59.64824050      52.00046852      65.04076982
H      59.06998425      50.09940384      64.51920535
C      61.40379625      53.21367281      63.60268809
H      61.98205250      52.39542131      61.80744809
C      62.27684981      55.63441222      64.30566629
H      63.73382879      56.62084935      63.24741954
C      61.36411200      56.74935074      66.49774881
C      61.96693469      59.41197511      67.22151399
H      63.90579389      59.59527857      67.90370519
H      61.49072366      60.54203145      65.56233427
H      60.82931945      60.03747452      68.82589162
 %endblock positions_abs
