 %block lattice_cart
   140.777   0.000   0.000
   0.000 144.511   0.000
   0.000   0.000   162.462
 %endblock lattice_cart

 %block positions_abs
C      61.99717031      56.53770140      65.00769960
H      62.18803267      54.79915319      63.93244533
C      63.46548765      58.61829007      64.58440091
H      64.62388988      58.74301200      62.89309586
C      63.47304656      60.70076846      66.20200663
H      64.95081254      62.09727621      65.90720933
C      61.82520521      60.75934998      68.26180832
H      61.85544084      62.46766257      69.40509273
C      60.25862210      58.69954830      68.72479126
H      58.93014450      58.85639558      70.28381547
C      60.30019608      56.57927537      67.04482457
C      58.29897591      54.49490725      67.62308082
H      58.48416909      53.13997348      66.07728470
H      58.41802867      53.57838999      69.46745370
H      56.38090371      55.24323887      67.77236920
 %endblock positions_abs
