 %block lattice_cart
   140.777   0.000   0.000
   0.000 144.511   0.000
   0.000   0.000   162.462
 %endblock lattice_cart

 %block positions_abs
C      58.07315362      60.32849237      66.40137276
H      57.86528373      62.29758720      66.94372421
C      56.95443564      58.41797908      67.74685790
H      55.82248958      58.91686682      69.38714034
C      57.32293228      55.89141500      67.03065163
H      56.32704651      54.48734835      68.14936960
C      59.10683392      55.21300324      65.19194792
H      59.54336069      53.27036460      64.69117045
C      60.29925122      57.21422342      63.97685390
H      61.60694183      56.77769663      62.45184477
C      59.51690452      59.73889777      64.34724026
C      60.44287042      61.78169191      62.70884755
H      59.07848802      63.32748804      62.75609071
H      62.30236111      62.40152214      63.35135449
H      60.43342179      61.15619249      60.74164246
 %endblock positions_abs
