 %block lattice_cart
   140.777   0.000   0.000
   0.000 144.511   0.000
   0.000   0.000   162.462
 %endblock lattice_cart

 %block positions_abs
C      63.47399143      57.25485253      63.79071586
H      63.43241745      55.64669544      62.51515060
C      64.26956621      59.56976726      62.91577258
H      65.23332663      59.60945151      61.10163532
C      63.87461341      61.76940869      64.20267620
H      64.57003269      63.57976650      63.52804390
C      62.62928377      61.61067168      66.44767106
H      62.23811042      63.37567606      67.42654929
C      61.67497198      59.38268436      67.42276984
H      60.69987320      59.39402271      69.23123792
C      61.96976929      57.14902785      65.99602647
C      60.50334167      54.77742133      66.66876904
H      59.97043885      54.71883982      68.66243030
H      58.68731468      54.89458436      65.69933944
H      61.77323775      53.17493342      66.38719982
 %endblock positions_abs
