 %block lattice_cart
   140.777   0.000   0.000
   0.000 144.511   0.000
   0.000   0.000   162.462
 %endblock lattice_cart

 %block positions_abs
C      59.86461416      54.21806234      62.88175750
H      59.21265859      52.49841140      61.96335052
C      61.63528772      55.77519683      61.83106967
H      62.66707829      55.37268512      60.10197009
C      62.21921315      57.97294852      63.11986301
H      63.75367092      59.08032814      62.32239852
C      61.21387875      58.39057804      65.51414625
H      61.82803980      59.97794814      66.66876903
C      59.41863875      56.77864149      66.47979641
H      58.50968040      57.12635115      68.28826448
C      58.77235236      54.68482475      65.17210579
C      57.01112743      52.75541417      66.16610183
H      57.88985017      51.05466050      66.94088962
H      55.69209847      53.46784099      67.58339657
H      55.62028887      52.35668192      64.69778448
 %endblock positions_abs
