 %block lattice_cart
   140.777   0.000   0.000
   0.000 144.511   0.000
   0.000   0.000   162.462
 %endblock lattice_cart

 %block positions_abs
C      61.19592635      54.68765933      64.85652151
H      61.26773595      53.11540703      63.53749253
C      62.95526155      56.62462881      64.62786461
H      64.44247617      56.44321507      63.22379797
C      63.00061498      58.52191403      66.32672857
H      64.50483712      59.89952451      66.07161551
C      61.20726472      58.49167840      68.31094120
H      61.41891406      59.86928889      69.82083253
C      59.25517744      56.76446854      68.45833985
H      57.99095053      56.50935550      70.05515859
C      59.31375895      54.90308813      66.58940053
C      57.22750110      52.92265495      66.47790667
H      57.90969229      51.26725470      65.45178528
H      56.81932021      52.39731105      68.43377341
H      55.53241660      53.80326742      65.70122917
 %endblock positions_abs
