 %block lattice_cart
   140.777   0.000   0.000
   0.000 144.511   0.000
   0.000   0.000   162.462
 %endblock lattice_cart

 %block positions_abs
C      57.72449912      58.14869307      67.18277459
H      56.78341541      59.12946103      68.72479126
C      57.40891482      55.57866528      66.84073413
H      56.36956535      54.44293977      68.20133707
C      58.42747730      54.31443838      64.81494753
H      58.45582320      52.26030588      64.73557901
C      60.09043646      55.56732693      63.31450484
H      61.01262290      54.58088979      61.76681897
C      60.30964471      58.23184103      63.49402883
H      61.50584147      59.15780692      62.10696971
C      59.06620480      59.55464945      65.39887296
C      59.34777402      62.42703344      65.44611611
H      58.40858004      63.23772603      63.79827477
H      58.41991840      63.27741028      67.08072938
H      61.33576610      62.97505407      65.57650723
 %endblock positions_abs
