 %block lattice_cart
   140.777   0.000   0.000
   0.000 144.511   0.000
   0.000   0.000   162.462
 %endblock lattice_cart

 %block positions_abs
C      59.61328056      58.77891680      67.95094833
H      59.68320044      60.80659314      68.27598126
C      58.54936465      57.04792750      69.71406298
H      57.58560423      57.83594337      71.34867624
C      58.91219210      54.50813534      69.38714033
H      58.40385572      53.19288582      70.87813440
C      60.02713063      53.52925711      67.14025575
H      60.21232381      51.49591159      66.90026051
C      60.84349239      55.24890805      65.28832396
H      61.66741307      54.51947369      63.55355521
C      60.76223416      57.82082556      65.86091104
C      61.74111239      59.85039162      63.95795664
H      63.50800650      60.75179107      64.53243344
H      61.88851104      59.09450110      62.04366389
H      60.38050945      61.39807747      63.84079361
 %endblock positions_abs
