 %block lattice_cart
   140.777   0.000   0.000
   0.000 144.511   0.000
   0.000   0.000   162.462
 %endblock lattice_cart

 %block positions_abs
C      60.46932658      55.59094852      63.22946715
H      60.22744161      54.03192430      61.91421763
C      61.94520283      57.55248443      62.52081977
H      62.79180022      57.33894535      60.65943936
C      62.13795492      59.67464708      63.99669603
H      63.31147496      61.23745074      63.36174798
C      60.99089105      59.71622105      66.34940529
H      61.08915681      61.47933570      67.40009311
C      59.38462368      57.84161255      67.05049375
H      58.48322423      57.81137693      68.89675635
C      59.04825240      55.72511909      65.49713872
C      57.32104255      53.51791875      66.20200664
H      57.18498225      53.58594890      68.25991860
H      55.36139636      53.63130233      65.56327914
H      58.20543446      51.72078903      65.70122917
 %endblock positions_abs
