 %block lattice_cart
   140.777   0.000   0.000
   0.000 144.511   0.000
   0.000   0.000   162.462
 %endblock lattice_cart

 %block positions_abs
C      62.40724092      56.52541817      64.79416054
H      63.43903149      57.94460263      63.72646517
C      61.32631747      57.30587514      67.10529582
H      61.75906480      59.00284937      68.18055008
C      59.83721314      55.56354748      68.33550764
H      59.22116236      55.96794891      70.25357985
C      59.01329246      53.23540466      67.25647392
H      57.66402788      51.97873666      68.16165283
C      59.94492754      52.52864702      64.91888246
H      59.36667128      50.71828921      64.13842551
C      61.73827781      54.16137055      63.69433981
C      62.96093073      53.58311430      61.25092369
H      62.44503545      51.78220512      60.38542905
H      62.70770741      55.10434398      59.88276184
H      64.94703309      53.53209169      61.81028268
 %endblock positions_abs
