 %block lattice_cart
   140.777   0.000   0.000
   0.000 144.511   0.000
   0.000   0.000   162.462
 %endblock lattice_cart

 %block positions_abs
C      63.08848724      56.17392908      64.37086184
H      62.49511318      54.46939595      63.39009388
C      64.65129092      58.07499376      63.37497607
H      65.22198825      58.05042730      61.40210180
C      65.35804855      60.12156735      64.85652150
H      66.48054599      61.63145867      64.02504193
C      64.28468401      60.47305644      67.19411295
H      64.79113066      62.20215601      68.18243981
C      62.89384544      58.52285888      68.22023434
H      62.37039126      58.53608698      70.20633669
C      62.10205011      56.43282158      66.75947590
C      60.42775260      54.34656374      67.84606853
H      58.71188111      55.18182276      68.63030495
H      59.91185732      52.98785051      66.38342036
H      61.44631508      53.08611629      69.12352352
 %endblock positions_abs
