 %block lattice_cart
   140.777   0.000   0.000
   0.000 144.511   0.000
   0.000   0.000   162.462
 %endblock lattice_cart

 %block positions_abs
C      61.88000727      57.30776487      64.80455403
H      62.61322108      55.80732217      63.60646755
C      62.59432382      59.82110086      64.60613277
H      63.61477603      60.38612903      62.91671744
C      61.83087440      61.41791960      66.50719744
H      62.37133611      63.39079387      66.32578371
C      60.08665700      60.76218457      68.36857785
H      59.29675141      62.26073753      69.52698008
C      59.21927263      58.33199653      68.54432240
H      57.52040867      57.69704849      69.51186227
C      59.98272205      56.62935312      66.58467621
C      59.17391919      53.91570613      66.66215499
H      59.63879188      52.64769978      65.09935133
H      59.78996997      52.93493818      68.37046758
H      57.15380176      53.93271367      67.07978451
 %endblock positions_abs
