 %block lattice_cart
   140.777   0.000   0.000
   0.000 144.511   0.000
   0.000   0.000   162.462
 %endblock lattice_cart

 %block positions_abs
C      59.91752650      61.68153642      66.00830969
H      59.90051896      63.73188947      66.15381861
C      58.60983589      60.37384581      67.79032160
H      57.68009054      61.53980694      69.20383688
C      58.00512347      57.80003857      67.45584004
H      56.85239042      56.85517541      68.86935533
C      59.12384145      56.54715003      65.44895070
H      58.84794140      54.51191479      65.48485550
C      60.66396839      57.87184817      63.71418194
H      61.50489660      56.83249870      62.15326801
C      61.06081092      60.42108897      64.06000186
C      62.18897753      61.93287002      61.84335289
H      64.13350590      61.33382678      61.49564325
H      60.93230953      61.73255903      60.21818826
H      62.01323298      63.94353881      62.27987967
 %endblock positions_abs
