 %block lattice_cart
   140.777   0.000   0.000
   0.000 144.511   0.000
   0.000   0.000   162.462
 %endblock lattice_cart

 %block positions_abs
C      62.83148448      56.17203935      65.17494039
H      62.23811042      54.69616310      63.87669841
C      64.90829369      57.68382040      64.72329580
H      66.13472608      57.49484777      63.08679281
C      65.10104578      59.75496044      66.35601933
H      66.61282683      61.09855585      65.99130215
C      63.58359556      60.04597830      68.47251280
H      63.99177643      61.54642099      69.81610821
C      61.58615484      58.36790133      68.96006218
H      60.38806836      58.61545548      70.61168299
C      61.10805408      56.38368870      67.27442631
C      58.73833729      54.83789258      67.57300308
H      59.18998188      52.82722378      67.58623116
H      57.86717345      55.27630908      69.39280952
H      57.32671173      55.11190289      66.08956792
 %endblock positions_abs
