 %block lattice_cart
   140.777   0.000   0.000
   0.000 144.511   0.000
   0.000   0.000   162.462
 %endblock lattice_cart

 %block positions_abs
C      60.58932421      59.68315085      65.26186779
H      60.51751461      57.62901835      65.26186779
C      62.02740593      60.96249556      63.45150999
H      63.04407869      59.84188786      62.06067142
C      61.87433810      63.60622268      63.25308872
H      62.73794302      64.66068996      61.71674123
C      60.50617625      64.94603862      65.17494038
H      60.17358442      66.97182524      65.12580750
C      59.38745827      63.57220760      67.04010025
H      58.33488071      64.71549201      68.38369566
C      59.28352332      60.97572365      67.07978451
C      57.52040867      59.86078512      68.96573137
H      58.20448960      60.05164748      70.90270084
H      55.75918375      60.93225994      68.89014231
H      56.97238804      57.89735948      68.64447789
 %endblock positions_abs
