 %block lattice_cart
   140.777   0.000   0.000
   0.000 144.511   0.000
   0.000   0.000   162.462
 %endblock lattice_cart

 %block positions_abs
C      63.35871812      57.88980057      63.93905937
H      64.39239842      56.47817501      62.86002566
C      63.69319968      60.47683590      63.52709904
H      65.09348687      60.94926746      62.10224540
C      62.46109812      62.20215601      65.02754173
H      62.75400569      64.21282482      64.72329579
C      60.82459514      61.32343327      66.94183449
H      59.71532578      62.64813143      68.05677302
C      60.43531152      58.76663358      67.28009549
H      59.02935513      58.17892870      68.65770598
C      61.74678157      57.13579977      65.77587336
C      61.17986369      54.28231304      66.01397886
H      62.90140435      53.29776563      66.58656595
H      59.89296006      53.68515953      67.51064211
H      60.95309652      53.53587115      64.10346556
 %endblock positions_abs
