 %block lattice_cart
   140.777   0.000   0.000
   0.000 144.511   0.000
   0.000   0.000   162.462
 %endblock lattice_cart

 %block positions_abs
C      59.95626589      57.83216392      67.66182021
H      60.19059196      59.72377996      68.43093882
C      58.48416910      56.21077874      68.95439301
H      57.73583748      56.95155146      70.71750766
C      58.14968754      53.79003934      68.12102370
H      57.01963120      52.40864940      69.14336564
C      59.46871651      53.00202346      65.94027954
H      59.55375419      50.98757522      65.54154729
C      61.06931469      54.65175454      64.57778687
H      62.30141625      54.05082157      63.05088801
C      61.39623734      57.07060422      65.52453975
C      63.22927187      58.81860106      64.25275394
H      62.08976690      60.20754990      63.23986064
H      64.29129806      59.98078274      65.58690072
H      64.55019056      57.97389339      62.90915853
 %endblock positions_abs
