 %block lattice_cart
   140.777   0.000   0.000
   0.000 144.511   0.000
   0.000   0.000   162.462
 %endblock lattice_cart

 %block positions_abs
C      62.08126314      57.96633449      64.21117996
H      62.07370423      56.24857327      63.08301335
C      63.99177643      59.68976488      63.69339496
H      65.55646982      59.18520796      62.46129339
C      63.93886409      62.12940155      64.77431841
H      65.23332662      63.64496206      64.27543066
C      62.32125837      62.57915642      66.74530294
H      62.30992002      64.47077245      67.55032636
C      60.42019371      60.85572602      67.38214071
H      59.20509969      61.35650349      68.96006218
C      60.29358205      58.50679621      66.14248026
C      58.22244200      56.57360619      66.89837078
H      56.64452052      56.80604253      65.58690071
H      58.83660305      54.60640110      66.81144337
H      57.62906794      57.01013297      68.82589161
 %endblock positions_abs
