 %block lattice_cart
   140.777   0.000   0.000
   0.000 144.511   0.000
   0.000   0.000   162.462
 %endblock lattice_cart

 %block positions_abs
C      62.15590733      57.50335154      65.49430412
H      63.67524727      58.74112227      64.87447389
C      61.10144004      58.05704135      67.80543941
H      61.70048328      59.75779503      68.78998682
C      59.18147810      56.53581166      68.80699436
H      58.21771768      57.23690013      70.47940214
C      58.61267049      54.31349352      67.46717839
H      56.97427777      53.24768789      68.09645726
C      59.69926312      53.69366328      65.17116093
H      59.12856576      51.89275412      64.36424780
C      61.52473873      55.27725394      64.20740051
C      62.71148685      54.67443124      61.58823984
H      61.51529010      54.52514287      59.91394233
H      64.22704737      55.92165062      60.94762262
H      63.75461578      52.89430905      61.53532750
 %endblock positions_abs
