 %block lattice_cart
   140.777   0.000   0.000
   0.000 144.511   0.000
   0.000   0.000   162.462
 %endblock lattice_cart

 %block positions_abs
C      58.05898067      60.15936187      68.40542752
H      57.30309014      61.79397513      69.38997492
C      57.25395726      57.76885809      68.97234542
H      56.04075296      57.38146419      70.58617169
C      57.84733132      55.78464546      67.36229859
H      57.28230316      53.88736024      67.91031922
C      59.50462130      56.13802428      65.31761472
H      59.73516790      54.50341102      64.09496180
C      60.66302352      58.43593147      65.01714824
H      62.15968677      58.67025754      63.63008913
C      59.87689739      60.48628452      66.36641282
C      60.91057767      63.02796641      65.51036681
H      59.68603502      64.65691050      65.83728946
H      62.70959713      63.53252334      66.38342037
H      61.16569073      62.82765543      63.47135212
 %endblock positions_abs
