 %block lattice_cart
   140.777   0.000   0.000
   0.000 144.511   0.000
   0.000   0.000   162.462
 %endblock lattice_cart

 %block positions_abs
C      61.27246028      56.26652567      63.92016211
H      60.67719649      54.59600760      62.88459209
C      62.68597555      58.21483349      62.63136877
H      63.16029685      58.28286365      60.63581778
C      63.67052296      60.11022899      64.06189159
H      64.67018819      61.66736348      63.16994077
C      62.67652692      60.53163795      66.49774881
H      63.22454756      62.26451699      67.45206059
C      60.85861020      58.98395211      67.56922362
H      60.04980734      59.40347134      69.40981705
C      60.12161694      56.79375932      66.27098165
C      58.41141463      54.91159190      67.41804552
H      59.05581130      54.19727536      69.24352114
H      56.53302668      55.71661531      67.70717365
H      58.39062765      53.31477317      66.11035491
 %endblock positions_abs
