 %block lattice_cart
   140.777   0.000   0.000
   0.000 144.511   0.000
   0.000   0.000   162.462
 %endblock lattice_cart

 %block positions_abs
C      59.45265382      56.87029322      68.77486901
H      58.92919964      57.81326665      70.52286585
C      58.62873316      54.26814009      68.60290391
H      57.44198503      53.54626463      70.11468496
C      59.29580655      52.63730629      66.60924266
H      58.63440234      50.69466763      66.64136801
C      60.79624924      53.60862561      64.72518553
H      61.57859593      52.34250898      63.30600106
C      61.76567884      56.12952050      64.96896021
H      63.02423656      56.89108021      63.53465794
C      61.25545272      57.65075020      67.02498245
C      62.10393984      60.45510403      67.09679205
H      64.03524013      60.92753561      66.54688168
H      60.92853007      61.50957132      65.76453499
H      61.62772881      61.17320004      68.96951083
 %endblock positions_abs
