 %block lattice_cart
   140.777   0.000   0.000
   0.000 144.511   0.000
   0.000   0.000   162.462
 %endblock lattice_cart

 %block positions_abs
C      56.74562089      56.32510719      64.87352903
H      56.44515440      54.66214804      63.70756790
C      57.48261414      58.53041779      63.72835490
H      58.05520122      58.53230751      61.75548062
C      57.67914569      60.64691126      65.33084281
H      58.39157250      62.46482797      64.69400504
C      57.30309014      60.60722701      67.86685551
H      57.69615322      62.20782519      69.09328790
C      56.04642215      58.49073354      68.87407964
H      55.17903777      58.52285888      70.73734979
C      55.71005086      56.32888663      67.23379721
C      54.52141302      53.96105956      68.37330216
H      52.68081958      53.67760062      67.48324107
H      55.77241183      52.33589493      68.13141719
H      54.05276088      54.08011233      70.37830179
 %endblock positions_abs
