 %block lattice_cart
   140.777   0.000   0.000
   0.000 144.511   0.000
   0.000   0.000   162.462
 %endblock lattice_cart

 %block positions_abs
C      60.45420877      56.22967601      62.97340922
H      60.58271016      54.26058118      62.40460160
C      61.90740831      57.82838446      61.47674598
H      62.76345433      56.97611790      59.81378684
C      62.15496245      60.37384581      61.96996456
H      63.38895374      61.53035832      60.80400343
C      60.90963281      61.39996720      64.15448817
H      60.85861020      63.42764354      64.47196220
C      59.32037299      59.78236148      65.66437950
H      58.26023652      60.28880812      67.35190510
C      59.14651816      57.18209806      65.19005820
C      57.95599059      55.27725394      66.87758380
H      55.91886562      55.11851693      66.59034539
H      58.80447770      53.42154271      66.56388922
H      58.00890292      55.80826704      68.86746559
 %endblock positions_abs
