 %block lattice_cart
   140.777   0.000   0.000
   0.000 144.511   0.000
   0.000   0.000   162.462
 %endblock lattice_cart

 %block positions_abs
C      58.58149000      55.49362760      67.64859213
H      57.61583986      56.72950861      68.97706973
C      58.16386049      52.85934912      67.37647154
H      56.79191918      51.96550858      68.61424228
C      59.19754078      51.42693658      65.42249453
H      58.78747017      49.42004723      65.56044455
C      60.72254991      52.60990525      63.65371070
H      61.46332263      51.41559822      62.15704746
C      61.18742259      55.19694057      63.80110936
H      62.47432621      56.20605442      62.55766944
C      60.14051421      56.61612503      65.80043979
C      60.89262528      59.41858916      66.20862068
H      59.14462844      60.26329682      66.90592969
H      62.37417071      59.65669467      67.62402569
H      61.72032541      60.32187833      64.54944098
 %endblock positions_abs
