 %block lattice_cart
   140.777   0.000   0.000
   0.000 144.511   0.000
   0.000   0.000   162.462
 %endblock lattice_cart

 %block positions_abs
C      58.98589143      54.88230115      64.98691262
H      58.72888865      53.04170772      64.11385906
C      60.19342654      56.84005761      63.80205422
H      60.50712111      56.86840350      61.77059843
C      60.65263004      59.08316274      65.05872222
H      61.40285138      60.75934998      64.14220496
C      60.05736625      59.32126825      67.57016849
H      60.30681012      61.04280893      68.66432002
C      59.14084899      57.19532615      68.82116731
H      58.75912427      57.23312068      70.83939501
C      58.55503383      55.03347925      67.45111573
C      57.57426587      52.79226384      68.85518238
H      55.76579779      52.26125075      68.01425417
H      58.85927977      51.17843757      68.90809472
H      57.34182954      53.46122696      70.79215185
 %endblock positions_abs
