 %block lattice_cart
   140.777   0.000   0.000
   0.000 144.511   0.000
   0.000   0.000   162.462
 %endblock lattice_cart

 %block positions_abs
C      57.97677758      58.16286602      69.07344577
H      57.47600011      59.32504770      70.69294122
C      57.60639122      55.57961015      68.92604711
H      56.94498701      54.54215041      70.57199873
C      57.81993029      54.28703735      66.64703719
H      57.28891720      52.30660417      66.53365360
C      59.08982638      55.53425672      64.72518553
H      59.51690452      54.42498738      63.05088801
C      60.03468953      57.99845983      64.96140132
H      60.82648486      58.99434559      63.35135450
C      59.39218259      59.25701755      67.17805028
C      60.57893071      61.83082479      67.59945924
H      59.25045311      63.36150310      67.20450644
H      61.09860545      62.22766732      69.55532597
H      62.26078713      61.83271453      66.40326248
 %endblock positions_abs
