 %block lattice_cart
   140.777   0.000   0.000
   0.000 144.511   0.000
   0.000   0.000   162.462
 %endblock lattice_cart

 %block positions_abs
C      60.97199378      57.59027895      63.54883089
H      61.33860068      56.05960064      62.23169165
C      62.37983988      59.81259710      63.33907127
H      63.83303942      60.08471768      61.91610736
C      62.30236110      61.62106517      65.31383527
H      63.60627226      63.20654554      65.31572500
C      60.53735673      61.39807747      67.25080474
H      60.57704098      62.83426947      68.71912209
C      58.87250785      59.51024089      67.23757666
H      57.63473711      59.18898741      68.84384402
C      59.17486406      57.44665975      65.47257228
C      57.58182477      55.08639159      65.85051754
H      58.37739955      54.23223529      67.55316095
H      55.63351694      55.68543483      66.16421211
H      57.65174465      53.88641537      64.17244058
 %endblock positions_abs
