 %block lattice_cart
   140.777   0.000   0.000
   0.000 144.511   0.000
   0.000   0.000   162.462
 %endblock lattice_cart

 %block positions_abs
C      60.26429128      56.41864863      70.11185038
H      59.81642615      58.40664071      70.35940453
C      61.04285853      55.10906831      72.30393290
H      60.68570025      56.09739516      74.06893727
C      61.91969153      52.55982751      72.24724111
H      62.83620880      51.66976641      73.85539821
C      61.85544084      51.51480885      69.80382499
H      62.68125124      49.65720788      69.51280714
C      60.94270303      52.75068986      67.71378768
H      61.10521949      51.79637807      65.90154015
C      60.22460703      55.24701832      67.83473016
C      59.36100211      56.60951100      65.50091817
H      60.82554000      56.99312543      64.09874124
H      57.90591285      55.45299849      64.60518790
H      58.49172800      58.45199415      65.83162028
 %endblock positions_abs
