 %block lattice_cart
   140.777   0.000   0.000
   0.000 144.511   0.000
   0.000   0.000   162.462
 %endblock lattice_cart

 %block positions_abs
C      62.88439681      52.89052961      66.32105939
H      62.57637142      51.19922456      65.19667223
C      64.59837858      54.68199015      65.42910858
H      65.47710131      54.64419562      63.57339734
C      65.12561222      56.81927061      66.85018276
H      66.35582405      58.22333726      65.99413674
C      64.21665386      57.08005284      69.30682696
H      64.89884506      58.69954829      70.36696342
C      62.70676254      55.18465735      70.25924903
H      62.16063163      55.46244712      72.22078495
C      62.01512271      53.07950224      68.71156317
C      60.40507589      50.88930944      69.86996541
H      60.65263004      50.61151967      71.90142119
H      58.43220162      51.45622733      69.65831606
H      60.68097593      49.02603930      69.02714748
 %endblock positions_abs
