 %block lattice_cart
   140.777   0.000   0.000
   0.000 144.511   0.000
   0.000   0.000   162.462
 %endblock lattice_cart

 %block positions_abs
C      59.21360345      54.20483427      64.94344891
H      58.02496560      52.55699292      64.64487215
C      61.06931469      54.55632336      63.01970752
H      61.49450311      53.01430669      61.73091418
C      62.40724092      56.91848125      63.01592807
H      63.71304180      57.04509291      61.43611687
C      61.95370660      58.82332538      64.69211531
H      62.88723140      60.64880100      64.57873173
C      60.17736387      58.44160066      66.59884916
H      59.95815562      59.88157211      68.04826924
C      58.82620956      56.11912702      66.65176150
C      56.96293941      55.88669068      68.70211455
H      55.08644118      55.61457009      67.89142196
H      57.43915044      54.29365139      69.92287774
H      57.08010244      57.59878272      69.84917842
 %endblock positions_abs
