 %block lattice_cart
   140.777   0.000   0.000
   0.000 144.511   0.000
   0.000   0.000   162.462
 %endblock lattice_cart

 %block positions_abs
C      62.83148448      55.95566568      65.82973055
H      63.31147496      54.29081680      64.72613039
C      63.62327981      58.38585372      65.30060718
H      64.85538136      58.79214488      63.70756790
C      63.03368520      60.50990610      66.74624782
H      63.87461341      62.31270500      66.23413199
C      61.92063640      60.15274783      69.08383926
H      61.75811994      61.82326589      70.26869767
C      60.83026432      57.74334678      69.62997017
H      59.66430318      57.36351180      71.27592178
C      61.19498149      55.65141975      68.05015898
C      60.14996284      53.11918650      68.69644537
H      60.79058006      52.69399808      70.60884839
H      58.09583034      53.01525154      68.53959808
H      60.84916158      51.67543560      67.39820339
 %endblock positions_abs
