 %block lattice_cart
   140.777   0.000   0.000
   0.000 144.511   0.000
   0.000   0.000   162.462
 %endblock lattice_cart

 %block positions_abs
C      59.69737338      54.40231066      61.71012719
H      59.51406994      52.69966725      60.57440168
C      60.56097831      56.51880413      60.59707839
H      60.90301877      56.32038287      58.58263014
C      61.14679347      58.82427023      61.86130530
H      61.89512508      60.51746501      60.97124420
C      60.87656260      58.69009966      64.48046597
H      61.80441822      60.09227659      65.66154491
C      59.85800012      56.60195209      65.73713396
H      59.87500766      56.72856375      67.78748701
C      59.17013975      54.49301752      64.31417005
C      58.08165740      52.07227811      65.56705860
H      58.87912189      50.26003058      64.98691262
H      58.31976290      52.17999251      67.61363219
H      56.07476804      52.20644868      65.11163455
 %endblock positions_abs
