 %block lattice_cart
   140.777   0.000   0.000
   0.000 144.511   0.000
   0.000   0.000   162.462
 %endblock lattice_cart

 %block positions_abs
C      59.87028335      53.39792112      65.95067304
H      58.94998663      51.56110714      65.90342988
C      61.66174389      54.05365615      64.04771864
H      62.46109812      52.66092786      62.76648420
C      62.60471732      56.39313733      63.95323232
H      63.96154081      56.82777438      62.47357662
C      62.06803505      58.16948006      65.94689358
H      63.04691328      59.97416869      65.87130453
C      60.18019846      57.57988545      67.68922124
H      59.63406756      58.94426785      69.12541324
C      59.06337021      55.17426385      67.64575754
C      57.20010007      54.32577674      69.61296263
H      56.48767325      52.39636617      69.43532836
H      57.82937893      54.83789257      71.51024785
H      55.35383746      55.23095564      69.44099754
 %endblock positions_abs
