 %block lattice_cart
   140.777   0.000   0.000
   0.000 144.511   0.000
   0.000   0.000   162.462
 %endblock lattice_cart

 %block positions_abs
C      61.15057292      55.74779580      68.82967107
H      61.64568121      57.61106594      69.53642871
C      58.96982876      54.53648123      69.85201301
H      58.05142177      55.46244712      71.43938311
C      58.14968753      52.18566169      69.11690947
H      56.45082359      51.51291912      70.05421373
C      59.38745828      51.07261290      67.05332834
H      58.65046501      49.32650578      66.25775357
C      61.19592635      52.42376721      65.65115142
H      62.04819292      51.63953079      63.95606692
C      62.15212786      54.69332852      66.65081664
C      64.58042617      55.71944991      65.56233427
H      65.58954003      56.72478429      67.05521806
H      65.82197636      54.33050106      64.67416291
H      64.00783911      57.09895011      64.14126010
 %endblock positions_abs
