 %block lattice_cart
   140.777   0.000   0.000
   0.000 144.511   0.000
   0.000   0.000   162.462
 %endblock lattice_cart

 %block positions_abs
C      60.82553999      53.82121981      64.00708952
H      60.73672286      52.36802029      62.55577971
C      61.99717031      56.06999414      63.46473807
H      62.91557729      56.37046061      61.65249053
C      62.09921553      58.06176566      65.26753697
H      62.68881014      59.94204335      64.67794237
C      61.01829208      57.66870259      67.65804076
H      61.19592635      59.16347611      69.05643824
C      60.18303305      55.19883031      68.22684838
H      59.55942336      54.95883505      70.16948702
C      59.77674189      53.45461291      66.37113713
C      58.63156774      50.85057006      67.11379958
H      56.67192156      51.01497624      67.74307844
H      58.61644993      49.43894450      65.60957744
H      59.85233094      50.21562201      68.64825735
 %endblock positions_abs
