 %block lattice_cart
   140.777   0.000   0.000
   0.000 144.511   0.000
   0.000   0.000   162.462
 %endblock lattice_cart

 %block positions_abs
C      57.51473950      56.70683190      68.10874048
H      56.49050784      57.62901833      69.63374962
C      56.72105445      54.35412263      67.50402806
H      55.24517820      53.48295881      68.63786385
C      57.74150666      52.97840188      65.55949969
H      57.00073394      51.14347763      65.01147906
C      59.37045074      54.23129042      63.90598916
H      59.78430080      53.32422179      62.11074917
C      60.11311318      56.70305244      64.34062622
H      61.45103941      57.68571012      63.13120138
C      59.27974387      57.80854233      66.50436284
C      59.83721314      60.72061059      66.86719030
H      58.36511634      62.04530874      67.45111573
H      61.38300926      61.00406953      68.20511653
H      60.61767010      61.46705248      65.10974483
 %endblock positions_abs
