 %block lattice_cart
   140.777   0.000   0.000
   0.000 144.511   0.000
   0.000   0.000   162.462
 %endblock lattice_cart

 %block positions_abs
C      62.11811280      54.18688186      69.65170202
H      61.74583671      56.09361571      70.32255486
C      63.11210884      52.43132612      71.33922762
H      63.25950749      52.77714603      73.35745532
C      63.95870623      50.11074220      70.36790829
H      64.76372964      48.52904128      71.40347831
C      63.67902672      49.52303732      67.91504354
H      64.33854121      47.75236377      67.11190986
C      62.67558205      51.21812182      66.26531247
H      62.74361220      50.75324915      64.26598203
C      62.06142100      53.67287630      66.96451120
C      61.37734007      55.61173550      64.97084994
H      62.98738690      56.62651853      64.17149571
H      60.18681250      54.74813058      63.52331959
H      60.18492278      56.97989735      65.95161790
 %endblock positions_abs
