 %block lattice_cart
   140.777   0.000   0.000
   0.000 144.511   0.000
   0.000   0.000   162.462
 %endblock lattice_cart

 %block positions_abs
C      60.16413578      55.35000840      65.83917919
H      60.26240155      53.49996634      64.95100781
C      61.30742020      57.38335392      64.77904272
H      62.20881965      57.15091759      62.94600820
C      61.13356538      59.79464470      65.74280314
H      62.06520045      61.35177917      64.77904272
C      60.05075220      60.02330157      68.15976310
H      60.02051658      61.82421076      69.14431050
C      58.93203423      57.88413139      69.35973931
H      58.08732657      58.33766570      71.17576630
C      58.94904176      55.60512146      68.17110145
C      57.34655385      53.59445266      69.41454137
H      57.64324088      51.78976403      68.45833986
H      57.83032379      53.39036222      71.41009236
H      55.30375971      53.89680887      69.39942355
 %endblock positions_abs
