 %block lattice_cart
   140.777   0.000   0.000
   0.000 144.511   0.000
   0.000   0.000   162.462
 %endblock lattice_cart

 %block positions_abs
C      58.36511634      55.78181086      63.16899590
H      58.12134164      54.19633049      61.88587173
C      59.45926787      58.01168791      62.25058891
H      59.88823574      57.92098105      60.24180984
C      59.54052610      60.21321907      63.63386857
H      60.41546939      61.85728097      62.76648420
C      58.87156299      60.00156972      66.18499910
H      59.48950349      61.67208779      67.21112048
C      57.63568198      57.78870022      67.12041362
H      57.35411276      57.45232893      69.12730297
C      57.32387714      55.70244236      65.56516887
C      56.34877836      53.31571802      66.52514983
H      57.15947095      52.69777752      68.31850010
H      54.31732257      53.32705638      66.89364646
H      56.78341541      51.87763630      65.10974482
 %endblock positions_abs
