 %block lattice_cart
   140.777   0.000   0.000
   0.000 144.511   0.000
   0.000   0.000   162.462
 %endblock lattice_cart

 %block positions_abs
C      57.46844120      56.61045586      68.27125695
H      56.76924246      57.47784024      69.99657707
C      56.66152806      54.17648837      67.80071510
H      55.35950663      53.26564029      69.10084680
C      57.40608023      52.87446694      65.51414626
H      56.86750823      50.92615911      65.14753935
C      59.13706953      54.05176643      63.71890626
H      59.80036347      52.88580530      62.16177178
C      59.99122583      56.42904213      64.43322281
H      61.43686646      57.41547927      63.35418908
C      59.07281884      57.82554988      66.55538545
C      59.94965185      60.56376331      66.80671905
H      59.12762090      61.61067168      65.22879758
H      59.36572642      61.42925796      68.58495152
H      62.00756380      60.72439004      66.76325535
 %endblock positions_abs
