 %block lattice_cart
   140.777   0.000   0.000
   0.000 144.511   0.000
   0.000   0.000   162.462
 %endblock lattice_cart

 %block positions_abs
C      59.57548604      59.07182437      69.31155129
H      58.84605168      60.22077797      70.84978849
C      58.95754553      56.50179660      69.13391701
H      57.55725834      55.70433208      70.40570281
C      59.90240869      55.07883268      67.10813040
H      59.39407231      53.09650978      66.93616531
C      61.47277126      56.20699929      65.28076506
H      62.30425083      55.02214088      63.82567580
C      61.94331311      58.78458597      65.41682535
H      63.09037698      59.61417583      63.92961074
C      60.84538212      60.28880813      67.35568455
C      61.40096166      63.13851540      67.48796538
H      61.44442536      63.81125797      65.53965756
H      59.83815800      64.30636627      68.16637714
H      63.22076810      63.75645591      68.23629700
 %endblock positions_abs
