 %block lattice_cart
   140.777   0.000   0.000
   0.000 144.511   0.000
   0.000   0.000   162.462
 %endblock lattice_cart

 %block positions_abs
C      60.51090057      53.37429954      62.48019065
H      60.06870461      51.92110001      61.09502128
C      61.89984941      55.57016152      61.76209466
H      62.48944402      55.58905878      59.79488956
C      62.68219610      57.38429878      63.51198122
H      63.79902435      59.07560383      63.17560994
C      61.81292200      57.03658914      66.06689121
H      62.54613580      58.35561810      67.46339894
C      60.38617863      54.94844156      66.71317760
H      60.12917585      54.54215040      68.71061831
C      59.76634840      53.11351731      64.92927596
C      58.35850230      50.68710872      65.52265002
H      57.81426112      50.53404089      67.50686265
H      56.70121232      50.60396077      64.29810738
H      59.71343606      49.24335782      64.93305541
 %endblock positions_abs
