 %block lattice_cart
   140.777   0.000   0.000
   0.000 144.511   0.000
   0.000   0.000   162.462
 %endblock lattice_cart

 %block positions_abs
C      57.09616512      57.15847649      63.90504430
H      56.57460065      55.60134200      62.67105302
C      58.24511872      59.37512546      62.95073251
H      58.55503384      59.80220361      60.96651989
C      59.03880376      61.19115245      64.64014784
H      59.98933611      62.89379584      63.99575116
C      58.63818179      60.90769349      67.23096261
H      59.43753602      62.27774507      68.53487377
C      57.53458163      58.74206713      68.12669288
H      57.35694734      58.67970617      70.17137676
C      56.61995409      56.93926824      66.47696181
C      55.42375732      54.61679460      67.60512842
H      55.28202785      54.77175216      69.65737120
H      53.56993581      54.38246854      66.72829541
H      56.67286642      52.99918888      67.32166948
 %endblock positions_abs
