 %block lattice_cart
   140.777   0.000   0.000
   0.000 144.511   0.000
   0.000   0.000   162.462
 %endblock lattice_cart

 %block positions_abs
C      58.97360821      56.00290885      65.36391301
H      58.97927738      54.27002983      64.26031285
C      60.66302353      57.92853996      64.76486977
H      61.91024290      57.71122143      63.14726405
C      60.94648248      60.04692316      66.26153301
H      62.22582719      61.58893983      65.80043980
C      59.36667128      60.45321431      68.32511415
H      59.57454117      62.15018854      69.46461912
C      57.74717583      58.58049554      68.97329027
H      56.49995646      58.70710720      70.59845490
C      57.55253402      56.38841301      67.49552429
C      55.71760977      54.41175929      68.30621688
H      55.78563992      54.12830034      70.35090075
H      53.87890607      55.21300325      67.82622640
H      56.20893861      52.56927613      67.51631129
 %endblock positions_abs
