 %block lattice_cart
   140.777   0.000   0.000
   0.000 144.511   0.000
   0.000   0.000   162.462
 %endblock lattice_cart

 %block positions_abs
C      57.82843406      57.82649474      63.79166072
H      57.90213340      56.27502944      62.44806531
C      59.05675616      60.01857726      63.30789078
H      59.82209533      60.35305882      61.43328228
C      59.08321233      61.98389263      65.02376228
H      60.31720361      63.59582917      64.71006771
C      57.62434362      61.65885970      67.28765440
H      57.51473950      63.29347296      68.52542513
C      56.22027698      59.37796004      67.76575516
H      55.03919803      59.22111276      69.44005267
C      56.52074346      57.38429878      66.10090628
C      55.17525833      54.96166965      66.71317760
H      55.44737892      54.65175453      68.73518476
H      53.21561214      55.43032178      66.26909192
H      55.46438645      53.46689614      65.32044931
 %endblock positions_abs
