 %block lattice_cart
   140.777   0.000   0.000
   0.000 144.511   0.000
   0.000   0.000   162.462
 %endblock lattice_cart

 %block positions_abs
C      61.98772168      54.57994493      63.30411134
H      62.10677444      53.09462005      61.89059606
C      63.77729250      56.46967125      63.33623667
H      65.12277763      56.54903975      61.78666110
C      63.87366854      58.07782834      65.42438425
H      65.31363999      59.53480733      65.56233427
C      61.94047852      57.89263516      67.33678728
H      62.14456896      59.18142851      68.92226766
C      60.13012071      56.04637255      67.17994000
H      58.79408421      55.66086838      68.69172105
C      60.17547414      54.35506750      65.18060956
C      58.12134164      52.43699529      64.90848897
H      56.82120994      53.21178308      63.50820178
H      58.80164311      50.57372515      64.34157108
H      57.03663874      52.05905003      66.62436046
 %endblock positions_abs
