 %block lattice_cart
   140.777   0.000   0.000
   0.000 144.511   0.000
   0.000   0.000   162.462
 %endblock lattice_cart

 %block positions_abs
C      62.87116872      58.02113655      64.92738624
H      64.28846346      59.50457171      64.84045883
C      61.32537260      58.31782358      66.95317285
H      61.35560822      59.91842177      68.24196619
C      59.54714014      56.39597192      67.29521331
H      58.20354473      56.49234795      68.84478888
C      59.36194696      54.32483188      65.68894594
H      57.88229126      52.90564742      65.80799870
C      61.12695134      54.13207979      63.64048262
H      61.03057530      52.52581242      62.36302763
C      62.93352969      55.97645268      63.32300860
C      64.77412312      55.57205124      61.17816923
H      63.80091407      55.71567045      59.36214225
H      66.29913226      56.95155146      61.34446515
H      65.57914653      53.67287629      61.16872060
 %endblock positions_abs
