 %block lattice_cart
   140.777   0.000   0.000
   0.000 144.511   0.000
   0.000   0.000   162.462
 %endblock lattice_cart

 %block positions_abs
C      60.53735673      53.56232731      65.62375039
H      60.20665463      51.97873666      64.35574403
C      62.53290772      55.19694057      64.84329342
H      63.76311955      54.65458913      63.28804866
C      62.88817627      57.28508815      66.29838268
H      64.28846347      58.64191165      65.65587573
C      61.40852057      57.87468277      68.44133232
H      61.72788431      59.57921589      69.54682221
C      59.42619766      56.28353320      69.20289202
H      58.51157013      56.40636542      71.03781627
C      58.96510444      54.12924520      67.66654453
C      56.55003421      52.41337371      67.91598840
H      55.04392234      52.87635667      66.58373135
H      57.13206992      50.50663986      67.38875476
H      55.99067523      52.47762442      69.90209076
 %endblock positions_abs
