 %block lattice_cart
   140.777   0.000   0.000
   0.000 144.511   0.000
   0.000   0.000   162.462
 %endblock lattice_cart

 %block positions_abs
C      59.00762328      56.79942849      66.09429223
H      59.02652055      55.11001316      64.92266192
C      60.16035633      58.96127539      64.99636125
H      61.22238252      59.17103501      63.25403359
C      60.06398029      61.07587914      66.58940053
H      60.90868795      62.88623694      66.11129978
C      58.61456021      61.16280655      68.76258578
H      58.61078076      62.66891842      70.15909353
C      57.02719011      59.12946103      69.31438587
H      55.89902350      59.22394735      71.03025736
C      57.18214766      56.84856137      67.95567266
C      55.80453718      54.53931582      68.86841046
H      56.47539002      52.74218609      68.10874048
H      55.88579541      54.51096992      70.93010186
H      53.89402388      54.96639397      68.21834462
 %endblock positions_abs
