 %block lattice_cart
   140.777   0.000   0.000
   0.000 144.511   0.000
   0.000   0.000   162.462
 %endblock lattice_cart

 %block positions_abs
C      60.00539877      58.90363874      68.38086107
H      60.95026192      59.87873752      69.92287774
C      58.18181288      57.25201794      69.34840095
H      57.68670458      57.05926586      71.33450330
C      56.87979145      55.56638207      67.73646440
H      55.75162484      54.35506750      68.95344815
C      57.49017305      55.46055740      65.15698799
H      56.65302429      54.00735786      63.96646040
C      59.16258083      57.13863436      64.17999947
H      59.64446104      57.21800287      62.18633821
C      60.50428652      58.93009491      65.74658260
C      62.82864988      60.47967049      64.80360916
H      62.30141624      61.49634324      63.08773767
H      63.44470066      61.98200290      66.07917442
H      64.45381451      59.30615044      64.31039060
 %endblock positions_abs
