 %block lattice_cart
   140.777   0.000   0.000
   0.000 144.511   0.000
   0.000   0.000   162.462
 %endblock lattice_cart

 %block positions_abs
C      59.60855625      58.73356337      63.20773529
H      59.13234522      57.30115083      61.81122755
C      61.17513936      60.63273831      62.39515298
H      62.00472921      60.55525953      60.51865474
C      61.51717983      62.64907628      64.02787652
H      62.66613342      64.24589502      63.44395109
C      60.55908858      62.44309612      66.53743306
H      60.81231191      63.97377443      67.88480792
C      58.93203423      60.52124447      67.24041124
H      58.32354236      60.30392594      69.18871907
C      58.63723692      58.58427499      65.56422400
C      56.85900446      56.49234797      66.26720220
H      55.11100762      56.61895963      65.17871984
H      57.73583747      54.65553398      65.93083092
H      56.17681326      56.57549591      68.21173057
 %endblock positions_abs
