 %block lattice_cart
   140.777   0.000   0.000
   0.000 144.511   0.000
   0.000   0.000   162.462
 %endblock lattice_cart

 %block positions_abs
C      59.04636267      54.00924758      64.42566391
H      58.43787080      52.82249945      62.86474997
C      60.29169231      56.30148561      64.03638029
H      61.14017942      56.70399731      62.21090467
C      60.70743211      57.84539199      66.11696896
H      61.97543845      59.43465183      65.82973055
C      59.75689977      57.14430354      68.56038507
H      60.19342655      58.47845032      70.06082776
C      58.31503858      54.96166965      68.84573375
H      57.65930356      54.20955858      70.64097375
C      58.09583034      53.34973310      66.84073414
C      56.91853084      50.81372039      67.15442870
H      58.42275299      49.43422018      67.46056437
H      55.69209847      50.76647724      68.81360841
H      55.69965738      50.61340940      65.50091817
 %endblock positions_abs
