 %block lattice_cart
   140.777   0.000   0.000
   0.000 144.511   0.000
   0.000   0.000   162.462
 %endblock lattice_cart

 %block positions_abs
C      60.87467288      54.64608535      62.73057939
H      61.00317427      52.87541180      61.69689910
C      62.39968201      56.66998223      61.97657859
H      63.82453565      56.25613217      60.55361468
C      62.59432382      58.86395448      63.44300621
H      63.82264593      60.38329444      62.80994791
C      61.04474825      59.09261137      65.52926407
H      61.05419688      60.83304930      66.62152588
C      59.41769389      57.09139120      66.26058814
H      58.02874505      57.42965221      67.73646439
C      59.36667128      54.85017580      64.92455165
C      58.03063478      52.60329121      66.18310938
H      59.25706716      51.95700481      67.71189795
H      56.34310918      53.25902624      67.17710541
H      57.92858956      51.06505399      64.81116807
 %endblock positions_abs
