 %block lattice_cart
   140.777   0.000   0.000
   0.000 144.511   0.000
   0.000   0.000   162.462
 %endblock lattice_cart

 %block positions_abs
C      61.70331787      57.40508578      67.76197570
H      61.72221513      59.17953878      68.79943546
C      60.35594301      55.38874780      68.78431764
H      59.31470381      55.63819168      70.53798367
C      60.11027858      53.16076048      67.37458181
H      59.21076886      51.54693420      68.27220181
C      61.08537736      53.12485567      64.89904035
H      60.97199378      51.54882393      63.58568055
C      62.40629606      55.19977516      63.89748539
H      63.15462768      55.27158477      61.98886183
C      62.79368995      57.34272481      65.43761234
C      63.98043807      59.83149435      64.45873411
H      65.44686569      60.78013696      65.55855483
H      64.83270464      59.40819567      62.62758932
H      62.51023100      61.24878909      64.16582654
 %endblock positions_abs
