 %block lattice_cart
   140.777   0.000   0.000
   0.000 144.511   0.000
   0.000   0.000   162.462
 %endblock lattice_cart

 %block positions_abs
C      58.96321472      56.21077874      63.05561232
H      58.60416672      54.29459626      62.40932593
C      60.40318617      58.00412902      61.61942033
H      61.02490613      57.72444952      59.68245086
C      60.60538689      60.51179584      62.56806294
H      61.62205964      61.87617823      61.41721961
C      59.76823813      61.06170618      64.90565439
H      60.21043409      62.96088113      65.55005106
C      58.60038727      59.38173950      66.34940529
H      58.13362487      59.86550943      68.29204394
C      57.97299813      57.05170696      65.40454213
C      56.33838487      55.19410598      66.89742592
H      54.54881405      54.81616073      65.94311413
H      57.28702748      53.37429954      67.10340609
H      55.78847451      55.74401634      68.80982895
 %endblock positions_abs
