 %block lattice_cart
   140.777   0.000   0.000
   0.000 144.511   0.000
   0.000   0.000   162.462
 %endblock lattice_cart

 %block positions_abs
C      61.87244837      55.28953716      64.67983209
H      61.67402712      53.46595127      63.75197647
C      63.51651027      57.02808538      63.55922439
H      64.60310290      56.46494694      61.90949332
C      63.71871099      59.43937614      64.56833824
H      64.77884744      60.91147294      63.60646755
C      62.29385734      60.22172285      66.65270636
H      62.49038888      62.15491287      67.32733866
C      60.75562013      58.44349039      67.77520379
H      59.72760900      59.11812267      69.41737596
C      60.45893309      55.96227973      66.82089200
C      58.50306636      54.15948083      67.91126409
H      57.19915521      53.46595127      66.47129264
H      59.34966375      52.62880252      69.00541562
H      57.43726072      55.19127140      69.34367663
 %endblock positions_abs
