 %block lattice_cart
   140.777   0.000   0.000
   0.000 144.511   0.000
   0.000   0.000   162.462
 %endblock lattice_cart

 %block positions_abs
C      60.32098306      55.24418374      63.25686818
H      60.39468240      53.59445266      62.03421525
C      61.53985653      57.44760461      62.55011054
H      62.67180260      57.38713337      60.83612877
C      61.27907430      59.52630355      63.92205184
H      62.12378197      61.31020520      63.35702367
C      59.84855149      59.42614806      66.18972341
H      59.53674664      61.02107708      67.44828114
C      58.33677044      57.37012583      66.69994952
H      57.00640311      57.36067721      68.26464291
C      58.55219924      55.25174263      65.15793285
C      57.23506000      52.84612104      65.86280076
H      55.32643642      52.85367994      65.07667462
H      58.19882042      51.16048516      65.16549175
H      57.16891958      52.90281282      67.92449217
 %endblock positions_abs
