 %block lattice_cart
   140.777   0.000   0.000
   0.000 144.511   0.000
   0.000   0.000   162.462
 %endblock lattice_cart

 %block positions_abs
C      60.49294816      56.93737850      64.72046120
H      59.64824050      55.79787354      63.23513632
C      61.90079426      58.97828292      63.90031999
H      61.97071414      59.48661930      61.91043819
C      63.06864513      60.50896123      65.64831682
H      64.18547338      62.07176489      64.91888248
C      63.01762252      59.94015361      68.12385830
H      64.01350829      61.05131269      69.53737358
C      61.78174151      57.81043206      69.03848584
H      61.79874904      57.34177993      71.03970600
C      60.48160980      56.16070099      67.33395269
C      59.37800964      53.53776087      68.07094597
H      60.69514888      52.09967914      67.39820339
H      59.31186922      53.48295880      70.13263736
H      57.57521073      53.22406630      67.11663418
 %endblock positions_abs
