 %block lattice_cart
   140.777   0.000   0.000
   0.000 144.511   0.000
   0.000   0.000   162.462
 %endblock lattice_cart

 %block positions_abs
C      61.89418022      55.85456533      62.36113790
H      61.45576372      54.14814246      61.30667062
C      63.79335517      57.46839160      61.43517201
H      64.69097517      57.02052646      59.64371146
C      64.14295454      59.83810839      62.52932354
H      65.61883079      61.07587913      61.81311727
C      62.92786052      60.46171808      64.75353141
H      63.61194144      62.10011079      65.78154253
C      61.09860545      58.81765618      65.65871032
H      59.93831349      59.35811791      67.26497768
C      60.56381290      56.56132297      64.46629301
C      58.35283311      54.81332613      65.29966232
H      57.92764469      53.31666289      63.94472855
H      59.12573118      53.78153556      66.91159886
H      56.50657051      55.67882078      65.61335689
 %endblock positions_abs
