 %block lattice_cart
   140.777   0.000   0.000
   0.000 144.511   0.000
   0.000   0.000   162.462
 %endblock lattice_cart

 %block positions_abs
C      63.93602951      54.82560935      63.51859527
H      64.24594462      53.83161331      61.74792171
C      65.50072290      56.97611789      63.62253022
H      66.92935599      57.31626863      62.18633822
C      64.96970980      58.78458597      65.46501337
H      65.77662294      60.66486366      65.64831682
C      63.16313145      58.16664547      67.32828352
H      63.02707115      59.56126349      68.82872621
C      61.89890454      55.86117937      67.45489518
H      60.84065781      55.47000602      69.17265640
C      62.08220800      54.22467638      65.42532912
C      60.57231667      51.76425272      65.25336402
H      61.83465385      50.13341891      65.32139417
H      59.30242059      51.43733007      66.84829303
H      59.52351857      51.47890405      63.50158773
 %endblock positions_abs
