 %block lattice_cart
   140.777   0.000   0.000
   0.000 144.511   0.000
   0.000   0.000   162.462
 %endblock lattice_cart

 %block positions_abs
C      61.34143528      61.16753087      66.55916491
H      62.45448408      62.87773318      66.78782179
C      60.17169469      60.14707866      68.63975358
H      60.25484265      61.02769112      70.49357509
C      58.62589857      58.05326189      68.37708163
H      57.73016829      57.17642888      70.00602570
C      58.49550745      56.76068910      66.04893881
H      57.54875457      54.94277238      65.91098879
C      59.72193983      57.78303104      63.88898162
H      59.80319806      56.74935075      62.11641834
C      61.23561060      59.96944438      64.22157345
C      62.40535119      61.37162130      62.08429299
H      64.46704260      61.28658362      62.05783684
H      61.86111001      60.43809650      60.32495780
H      61.78930041      63.34071613      62.02571149
 %endblock positions_abs
