 %block lattice_cart
   140.777   0.000   0.000
   0.000 144.511   0.000
   0.000   0.000   162.462
 %endblock lattice_cart

 %block positions_abs
C      61.42741782      54.89930868      64.54566152
H      60.94553761      53.28359268      63.37403121
C      62.47054675      57.09139120      63.40237710
H      62.85983037      57.03469941      61.38603912
C      63.24344481      59.26835591      64.88014308
H      64.21665386      60.76501915      63.86158059
C      62.34960426      59.32315798      67.33867702
H      62.57448169      61.10516989      68.33456277
C      61.27057054      57.17831861      68.48952033
H      61.12317188      57.40886522      70.52664531
C      60.82837458      54.95600047      67.09490231
C      59.77768675      52.81305083      68.56510939
H      60.84349239      51.08206153      68.19850248
H      60.01768199      53.18154746      70.57955764
H      57.76134877      52.62029875      68.17204632
 %endblock positions_abs
