 %block lattice_cart
   140.777   0.000   0.000
   0.000 144.511   0.000
   0.000   0.000   162.462
 %endblock lattice_cart

 %block positions_abs
C      59.81548127      54.06499451      63.96646040
H      59.69264906      52.37179973      62.80805817
C      61.08915681      56.16070099      63.01025889
H      61.76000966      56.14369346      61.06762025
C      61.32159314      58.25262802      64.58251119
H      62.36283235      59.89102073      63.91543780
C      60.32192792      58.36601160      66.96356635
H      60.57704098      60.11211871      68.01425418
C      58.91786127      56.40069623      67.93677539
H      57.99378511      56.94115797      69.69044141
C      58.81392634      54.13680412      66.40609707
C      57.15474663      52.01086200      67.31316571
H      56.84672124      52.10912778      69.35029067
H      55.37651417      52.42282235      66.34751557
H      57.88418099      50.29876997      66.41743544
 %endblock positions_abs
