 %block lattice_cart
   140.777   0.000   0.000
   0.000 144.511   0.000
   0.000   0.000   162.462
 %endblock lattice_cart

 %block positions_abs
C      60.19720600      55.78275573      63.11797329
H      60.02902036      54.33522538      61.66855321
C      60.73010882      58.27908419      62.44901018
H      60.86238966      58.69482398      60.44212083
C      60.38617862      60.27085573      64.20645565
H      60.63184305      62.20404575      63.55638980
C      59.81737100      59.53575219      66.65932040
H      59.84760663      60.89824486      68.19755762
C      59.24100448      57.11690251      67.36040887
H      58.81581606      56.61423531      69.30493724
C      59.34682916      55.27630908      65.56516887
C      59.06525994      52.62691279      66.33995666
H      60.70554238      51.54598934      65.70500862
H      58.81770579      52.32077713      68.36574326
H      57.47977956      51.81999966      65.29304828
 %endblock positions_abs
