 %block lattice_cart
   140.777   0.000   0.000
   0.000 144.511   0.000
   0.000   0.000   162.462
 %endblock lattice_cart

 %block positions_abs
C      59.68792475      54.98056691      64.40015260
H      59.17391919      53.48768313      63.08490308
C      60.88979068      57.01202270      63.32489832
H      60.94081329      57.12162683      61.27454527
C      61.36033253      59.15308261      64.80644375
H      62.37511557      60.66486366      63.85402169
C      60.67247217      59.16253124      67.42938388
H      61.08821194      60.81415204      68.57644775
C      59.40635554      57.12918573      68.41582101
H      58.90368833      57.10650902      70.40759255
C      59.14179384      54.93899293      67.01742354
C      58.02118615      52.60896039      68.22495865
H      59.28352333      51.01214166      67.88858737
H      58.06653957      52.86785290      70.27153225
H      56.10122420      52.14597744      67.62591541
 %endblock positions_abs
