 %block lattice_cart
   140.777   0.000   0.000
   0.000 144.511   0.000
   0.000   0.000   162.462
 %endblock lattice_cart

 %block positions_abs
C      58.63534720      57.29831623      69.04604474
H      58.48416910      58.71750070      70.52192099
C      57.39946620      55.03064466      69.38052630
H      56.59633251      54.37679936      71.15308958
C      57.34844358      53.47539990      67.26025337
H      56.29775575      51.71606471      67.41710066
C      58.63912666      54.02719999      65.07195030
H      58.63534720      52.74596555      63.46568294
C      59.83343369      56.39124760      64.83951397
H      60.66680299      56.96761413      63.05183287
C      59.73327819      58.07499375      66.84640331
C      60.88979070      60.58266057      66.63475396
H      62.38645394      60.81509690      68.03882061
H      61.81386686      61.09477640      64.86408041
H      59.70871175      62.17947930      67.19789240
 %endblock positions_abs
