 %block lattice_cart
   140.777   0.000   0.000
   0.000 144.511   0.000
   0.000   0.000   162.462
 %endblock lattice_cart

 %block positions_abs
C      57.48544873      56.71911512      66.28326486
H      57.12073155      58.60884143      67.00136086
C      56.13618415      54.80671209      67.53804315
H      55.10817304      55.23190051      69.26714272
C      56.07760263      52.39920076      66.57806217
H      54.94376684      50.96111904      67.51158698
C      57.52324326      51.92865891      64.40109746
H      57.66686247      50.02192506      63.65087612
C      59.00667841      53.78248042      63.23702606
H      60.26523614      53.09084059      61.77059843
C      58.96510444      56.25802189      64.21212482
C      60.77735198      58.16664547      62.93466985
H      62.60660704      58.24412425      63.88709190
H      61.06648009      57.75279541      60.93344967
H      59.90051896      60.02991562      63.05561232
 %endblock positions_abs
