 %block lattice_cart
   140.777   0.000   0.000
   0.000 144.511   0.000
   0.000   0.000   162.462
 %endblock lattice_cart

 %block positions_abs
C      57.76985255      53.75980372      64.79038108
H      57.68292514      52.02125550      63.69811927
C      58.84510682      55.82527457      63.62064049
H      59.79752888      55.71189100      61.80461350
C      59.06620480      58.05326189      65.03604550
H      60.05453166      59.71811077      64.35196457
C      57.70749158      58.29892632      67.33584242
H      57.69615322      60.12629166      68.27125695
C      56.45838248      56.20133010      68.37330217
H      55.73461731      56.29203698      70.29326410
C      56.55853798      53.84484140      67.16009788
C      55.64580017      51.35607185      68.39219943
H      54.22661571      50.51703335      67.15253897
H      57.18592712      49.99168944      68.54526726
H      55.03541857      51.44110953      70.36129425
 %endblock positions_abs
