 %block lattice_cart
   140.777   0.000   0.000
   0.000 144.511   0.000
   0.000   0.000   162.462
 %endblock lattice_cart

 %block positions_abs
C      60.34743924      55.23756968      63.48930451
H      60.47783036      53.53681600      62.34602009
C      61.05608660      57.48634400      62.45940367
H      61.38300925      57.68476527      60.44117597
C      61.14868319      59.67464708      63.76142510
H      61.82142577      61.48122542      63.05277773
C      60.20193031      59.73511832      66.22184876
H      60.38901321      61.51713023      67.22907289
C      59.27785414      57.55437414      67.31789002
H      58.65424445      57.52602825      69.27375676
C      59.50273157      55.24890805      66.05933230
C      58.64101637      52.78281520      67.21773453
H      56.62656812      52.37085487      67.05710779
H      59.66902750      51.25591635      66.28609945
H      58.89423970      52.60140148      69.25674922
 %endblock positions_abs
