 %block lattice_cart
   140.777   0.000   0.000
   0.000 144.511   0.000
   0.000   0.000   162.462
 %endblock lattice_cart

 %block positions_abs
C      59.77390731      54.20294453      64.48896973
H      59.42241820      52.84801077      62.98663731
C      61.32915206      56.34967363      64.21306969
H      62.16819055      56.50085173      62.34413037
C      61.70142815      58.22995131      65.83634459
H      62.72754953      59.88157210      65.17494038
C      60.72254992      57.84633687      68.18716413
H      61.20065066      59.16347611      69.69138627
C      59.15596679      55.75818929      68.65014707
H      58.48511395      55.59378310      70.58522682
C      58.56070301      53.89680887      66.78309748
C      56.85050070      51.62535784      67.24041124
H      58.15441185      50.07011309      67.60512842
H      55.45777241      51.66693182      68.76164093
H      55.61839914      51.19261052      65.63981306
 %endblock positions_abs
