 %block lattice_cart
   140.777   0.000   0.000
   0.000 144.511   0.000
   0.000   0.000   162.462
 %endblock lattice_cart

 %block positions_abs
C      60.94553762      54.55632335      69.28981943
H      60.68475538      55.48606870      71.10206697
C      60.38806835      51.99574420      69.17643585
H      59.30903463      51.34378863      70.79971076
C      60.62806359      50.76553236      66.85207249
H      59.68131071      48.98352045      66.46845805
C      61.61450073      51.99952365      64.79793999
H      61.93953366      50.90537211      63.08962740
C      62.00189462      54.60734597      64.84140369
H      62.56881252      55.67504133      63.18033426
C      61.79780418      55.88669067      67.11474445
C      62.15307273      58.59466848      67.11663417
H      62.60282759      59.30898503      65.23446676
H      60.56948208      59.59622343      67.97834937
H      63.72343530      58.88568634      68.42243506
 %endblock positions_abs
