 %block lattice_cart
   140.777   0.000   0.000
   0.000 144.511   0.000
   0.000   0.000   162.462
 %endblock lattice_cart

 %block positions_abs
C      58.16575021      58.48884382      67.53237396
H      58.60983589      60.28597354      68.42054533
C      56.53680613      56.87123809      68.77770360
H      55.53903063      57.73106356      70.35373535
C      56.17208895      54.41270416      68.11818912
H      55.12140112      53.04454231      69.23123792
C      57.33427063      53.46217182      65.91854769
H      57.19254116      51.43071604      65.65209628
C      58.92353046      54.98151178      64.59762900
H      59.89673951      54.51474938      62.85152188
C      59.34304970      57.50429640      65.43288803
C      61.04947256      59.13513022      63.82851039
H      62.12472683      60.39935712      65.05305304
H      62.46298784      57.92003620      62.93844929
H      59.97421829      60.23117148      62.45089990
 %endblock positions_abs
