 %block lattice_cart
   140.777   0.000   0.000
   0.000 144.511   0.000
   0.000   0.000   162.462
 %endblock lattice_cart

 %block positions_abs
C      59.34399457      56.75785450      69.53548385
H      58.42936702      57.70838685      71.10962588
C      59.05297671      54.18782672      69.04037555
H      58.02874506      53.13902862      70.48034700
C      60.19059196      53.06532929      66.95789716
H      59.82398505      51.08300639      66.57050326
C      61.66457847      54.44293977      65.39887296
H      62.66802314      53.52642252      63.85685628
C      62.04630320      57.00729838      65.93933467
H      63.45792875      58.03530950      64.85652150
C      61.00884345      58.18837733      67.96890074
C      61.54174627      60.87556815      68.51503164
H      61.05041742      61.89413063      66.78782179
H      60.39657212      61.69759909      70.02114352
H      63.55808425      61.05320242      68.91187417
 %endblock positions_abs
