 %block lattice_cart
   140.777   0.000   0.000
   0.000 144.511   0.000
   0.000   0.000   162.462
 %endblock lattice_cart

 %block positions_abs
C      59.35060861      53.30721426      63.61591618
H      59.24100449      51.65181401      62.40649134
C      60.46554714      55.54276049      62.81467222
H      61.13262053      55.70149749      60.87959247
C      60.37295055      57.74051220      64.26976148
H      60.97010407      59.58110561      63.58757028
C      59.34682916      57.61390052      66.68294198
H      59.43753602      59.36756655      67.74685790
C      58.39440710      55.38969265      67.63914350
H      57.54591999      55.22339675      69.50430337
C      58.30181050      53.16926423      66.05366312
C      57.34749872      50.71639949      67.27253659
H      55.43320596      50.13247406      66.76797967
H      58.77613181      49.38225270      66.61302211
H      57.34938845      50.73340702      69.33611773
 %endblock positions_abs
