 %block lattice_cart
   140.777   0.000   0.000
   0.000 144.511   0.000
   0.000   0.000   162.462
 %endblock lattice_cart

 %block positions_abs
C      58.94242773      57.38524365      69.95311337
H      58.37362011      58.52663834      71.56316018
C      58.00512348      55.01174740      69.85673733
H      56.69365341      54.36924045      71.30048823
C      58.13173513      53.51319442      67.60040410
H      57.29836584      51.63669619      67.53615342
C      59.57926550      54.45805759      65.62564011
H      59.95910049      53.47351018      63.86441518
C      60.69798348      56.84478191      65.90342988
H      61.93386448      57.48917859      64.39353855
C      60.33893547      58.33388625      67.95189321
C      61.38206440      61.10044557      68.04448980
H      59.85138609      62.44971016      67.73457468
H      62.07559396      61.36689698      69.96823117
H      63.00533930      61.44815521      66.81805741
 %endblock positions_abs
