 %block lattice_cart
   140.777   0.000   0.000
   0.000 144.511   0.000
   0.000   0.000   162.462
 %endblock lattice_cart

 %block positions_abs
C      61.55686408      57.22461691      62.86286024
H      61.32253801      55.56354748      61.67611212
C      63.10643965      59.15213775      62.05783683
H      64.12500214      58.87623770      60.29661191
C      63.58076096      61.23461614      63.72646517
H      64.73538374      62.82765543      63.14065001
C      62.29763679      61.35366890      65.96957030
H      62.42802791      62.90891366      67.30182735
C      60.67625161      59.55842890      66.74246836
H      59.59721789      59.72094537      68.48290630
C      60.28318854      57.37579501      65.20990032
C      58.71849515      55.08166727      65.95067304
H      56.83254829      55.39914129      65.17210579
H      59.28352332      53.24674302      65.19289278
H      58.49739718      54.69805283      67.96512129
 %endblock positions_abs
