 %block lattice_cart
   140.777   0.000   0.000
   0.000 144.511   0.000
   0.000   0.000   162.462
 %endblock lattice_cart

 %block positions_abs
C      58.65613419      54.27475413      65.24486026
H      59.41013499      52.78376007      64.05244295
C      59.20982400      56.76163396      64.57778687
H      60.44759474      57.18115320      62.99230649
C      58.33299099      58.71561097      65.95728708
H      58.84888627      60.57699139      65.25997807
C      56.92703461      58.38868832      68.15125933
H      56.56042771      60.02897076      69.33233827
C      56.40169070      55.86590369      68.85990669
H      55.21683230      55.62590845      70.52097612
C      57.29931070      53.89680887      67.49363457
C      56.61711950      51.27575847      68.18527440
H      57.13301478      50.90915157      70.14681031
H      54.60456098      50.90726184      67.90559491
H      57.72071967      49.92460416      67.07978451
 %endblock positions_abs
