 %block lattice_cart
   140.777   0.000   0.000
   0.000 144.511   0.000
   0.000   0.000   162.462
 %endblock lattice_cart

 %block positions_abs
C      60.35783273      55.03347925      62.49530848
H      60.85672048      53.85995921      60.88526165
C      61.72032540      57.16131108      62.81467222
H      63.49288868      57.34272480      61.78855083
C      60.86238966      59.07938329      64.43416767
H      61.67875142      60.96533015      64.42471903
C      58.82337496      58.44632497      66.08011928
H      58.24133926      59.77669230      67.53142909
C      57.58182478      56.13707942      65.87224939
H      55.91130672      55.81771567      67.02498244
C      58.22244200      54.51569424      63.96929499
C      56.74467602      52.17810279      63.49875314
H      56.03602865      51.50536022      65.31666986
H      55.02502507      52.56549669      62.42538860
H      57.98811593      50.84962519      62.52743381
 %endblock positions_abs
