 %block lattice_cart
   140.777   0.000   0.000
   0.000 144.511   0.000
   0.000   0.000   162.462
 %endblock lattice_cart

 %block positions_abs
C      60.95309651      56.23156574      62.35735844
H      61.27246026      55.06560460      60.69628902
C      62.39684742      58.37262564      62.86002564
H      63.63272843      58.92442572      61.31611925
C      62.01701243      59.67464708      65.17116092
H      63.16407631      61.33949596      65.54343701
C      60.39751699      58.79970379      66.96262147
H      60.38050945      59.57071213      68.86746559
C      58.90841264      56.67187197      66.51097688
H      57.59127341      56.03692393      67.95283807
C      59.15218735      55.40764507      64.15826762
C      57.49489736      53.15131185      63.56300383
H      57.84449673      51.86818768      65.13903558
H      55.50312583      53.61429479      63.28521406
H      57.85961454      52.06282949      61.84902207
 %endblock positions_abs
