 %block lattice_cart
   140.777   0.000   0.000
   0.000 144.511   0.000
   0.000   0.000   162.462
 %endblock lattice_cart

 %block positions_abs
C      59.78619052      56.32321745      65.78532198
H      59.39123772      54.48262402      64.96140131
C      61.48694420      58.12034718      64.54377180
H      62.34487995      57.67626149      62.72963454
C      61.95181688      60.46360781      65.57745209
H      63.04785814      61.84877720      64.52676426
C      61.17891881      60.95115720      68.02842712
H      61.80441822      62.74072802      68.82022244
C      59.82965423      59.25418296      69.49296501
H      59.43092197      59.67748167      71.46394955
C      59.00384383      56.93170934      68.31944497
C      57.29742097      55.24040429      69.78965204
H      56.19571053      54.06121506      68.50652787
H      58.33110126      53.85712462      70.92159810
H      55.93870775      56.38746816      70.83845014
 %endblock positions_abs
