 %block lattice_cart
   140.777   0.000   0.000
   0.000 144.511   0.000
   0.000   0.000   162.462
 %endblock lattice_cart

 %block positions_abs
C      63.99272129      55.61268037      70.99246284
H      63.81697675      57.57988545      71.55749101
C      65.24560984      54.03475889      72.63841446
H      65.96559557      54.85490011      74.37507294
C      65.30041191      51.46284139      72.10362191
H      66.18858327      50.05877474      73.31115702
C      64.00216993      50.44427889      70.07027640
H      64.22704737      48.43172037      69.72823593
C      62.56030876      52.08456134      68.57172343
H      61.66079902      51.23796395      66.93144099
C      62.60377245      54.70750146      68.98935295
C      61.33576610      56.46683665      67.27159173
H      62.70959713      57.38524365      66.03571072
H      59.88445629      55.47284061      66.19255800
H      60.39468239      57.82177042      68.51314192
 %endblock positions_abs
