 %block lattice_cart
   140.777   0.000   0.000
   0.000 144.511   0.000
   0.000   0.000   162.462
 %endblock lattice_cart

 %block positions_abs
C      61.08065304      55.08828132      66.85112762
H      59.68981447      53.73334755      67.51820101
C      61.83465384      55.10906830      64.34157108
H      61.33954556      53.49146257      63.17749967
C      63.66768837      56.89108022      63.49497369
H      64.21570899      56.79470418      61.51831997
C      64.34987956      58.77324762      65.11446914
H      65.69725442      60.22266771      64.56455878
C      63.49950272      58.87151339      67.65615103
H      64.23838571      60.40219171      68.81077381
C      61.79685931      57.05548640      68.41015183
C      60.74617148      57.21044396      71.13135772
H      62.29196762      56.92698501      72.46739423
H      59.85422066      59.01513259      71.58867149
H      59.45170896      55.63252250      71.44505229
 %endblock positions_abs
