 %block lattice_cart
   140.777   0.000   0.000
   0.000 144.511   0.000
   0.000   0.000   162.462
 %endblock lattice_cart

 %block positions_abs
C      63.36911161      57.14052409      64.71290230
H      63.28218420      55.36607109      63.68489119
C      64.81097279      59.17764905      63.89465081
H      65.86921952      59.26079702      62.13720534
C      64.68625085      61.30170143      65.37052706
H      65.77662293      62.93253524      64.76014546
C      63.48627464      61.56248367      67.70433905
H      63.72626988      63.36339283      68.66243029
C      62.13889978      59.49323335      68.61707686
H      61.36411199      59.38929840      70.51625181
C      62.02173675      57.36918097      66.96545607
C      60.76695848      55.15631147      68.13330693
H      61.91780180      53.67476603      68.99880158
H      59.31375894      55.83094375      69.43343863
H      59.59721789      54.22656611      66.70845329
 %endblock positions_abs
