 %block lattice_cart
   140.777   0.000   0.000
   0.000 144.511   0.000
   0.000   0.000   162.462
 %endblock lattice_cart

 %block positions_abs
C      60.54302592      53.56043759      67.32639379
H      59.40919013      52.78942925      68.85518238
C      61.47844043      51.93527296      65.39131405
H      60.80002870      49.99830349      65.31383527
C      63.09226671      52.86123885      63.56205898
H      63.35493866      51.77464622      61.83673885
C      63.91240792      55.40481047      63.76236997
H      64.99900056      56.10967838      62.16933068
C      63.12628178      56.99029085      65.62752984
H      63.59304418      58.98584183      65.74280314
C      61.39907194      56.05865577      67.41899038
C      60.47877521      57.71594575      69.48446124
H      61.85638570      58.85167126      70.51814153
H      59.10872364      59.01985691      68.66432002
H      59.61517029      56.59344832      70.98868339
 %endblock positions_abs
