 %block lattice_cart
   140.777   0.000   0.000
   0.000 144.511   0.000
   0.000   0.000   162.462
 %endblock lattice_cart

 %block positions_abs
C      61.28096404      53.56705163      63.81717202
H      61.82520522      51.66598696      63.26348221
C      62.54897040      55.77614169      62.89120613
H      63.86233019      55.88574582      61.31706411
C      62.11622307      58.06837971      63.98535767
H      63.09888076      59.73322859      63.29560756
C      60.44948446      58.29136741      66.06594634
H      60.39846184      60.05070261      67.12230335
C      59.12100687      56.13518969      66.94088963
H      57.92858956      56.34494931      68.60195906
C      59.51029049      53.81838523      65.77870795
C      58.17992316      51.55638283      66.79916016
H      58.85455546      49.92743875      65.72957505
H      58.49928691      51.13497387      68.79471114
H      56.14279820      51.71700957      66.51003202
 %endblock positions_abs
