 %block lattice_cart
   140.777   0.000   0.000
   0.000 144.511   0.000
   0.000   0.000   162.462
 %endblock lattice_cart

 %block positions_abs
C      60.16413579      56.17298421      65.99413674
H      59.95059671      54.46656135      64.86785986
C      61.68347574      58.18554273      64.97179481
H      62.75873001      58.03625436      63.22946715
C      61.75906479      60.47967048      66.30405186
H      62.89856976      62.00845906      65.53871270
C      60.57042694      60.71588627      68.49613438
H      60.76128930      62.42230913      69.62430099
C      58.93959314      58.78647571      69.36918794
H      57.85677996      59.22300248      71.05860326
C      58.69203899      56.50179659      68.10307131
C      56.86467364      54.47223054      69.01013994
H      56.71916472      54.46845108      71.06994162
H      55.08833091      55.12607583      68.19188844
H      57.40702510      52.57494532      68.40542752
 %endblock positions_abs
