 %block lattice_cart
   140.777   0.000   0.000
   0.000 144.511   0.000
   0.000   0.000   162.462
 %endblock lattice_cart

 %block positions_abs
C      62.13701005      56.61706989      63.24741954
H      62.36188748      55.05993541      61.92272140
C      63.48249519      58.90741818      63.00931403
H      64.78073717      59.15497233      61.43706174
C      63.16691089      60.87084382      64.64959647
H      64.14578912      62.64340711      64.29999711
C      61.75906479      60.43809650      66.82467146
H      61.27907431      62.01412824      68.05299356
C      60.50239679      58.07593861      67.22718316
H      59.13045549      57.75657486      68.72006695
C      60.69703860      56.17676366      65.43572262
C      59.23061098      53.72578863      65.80421924
H      59.30431031      52.64675491      64.04677377
H      59.78241107      52.51636379      67.38214071
H      57.29175179      54.39853120      66.01964804
 %endblock positions_abs
