 %block lattice_cart
   140.777   0.000   0.000
   0.000 144.511   0.000
   0.000   0.000   162.462
 %endblock lattice_cart

 %block positions_abs
C      58.82620956      62.11711833      66.63569882
H      58.81109175      64.15802275      66.87569406
C      57.10655861      60.63746262      68.07567027
H      55.95571529      61.53886208      69.51753145
C      56.83443802      58.11089854      67.90748463
H      55.66847689      56.99596002      69.17927044
C      58.47661019      56.96005522      66.14248025
H      58.38590332      54.92104053      65.90059529
C      60.28318854      58.32632734      64.67605264
H      61.42647296      57.28886760      63.32111887
C      60.38901322      60.89257568      64.88203280
C      62.34110050      62.22105327      63.25119900
H      62.76061974      61.31209492      61.44462064
H      61.32442774      63.83487955      62.46318312
H      64.00783911      62.73694856      64.35290944
 %endblock positions_abs
