 %block lattice_cart
   140.777   0.000   0.000
   0.000 144.511   0.000
   0.000   0.000   162.462
 %endblock lattice_cart

 %block positions_abs
C      59.63028810      53.19005123      65.18060956
H      59.12384145      51.64614484      63.92394157
C      61.58237538      54.91537136      64.63825811
H      62.41007551      54.91915081      62.75798043
C      62.31369946      56.88824562      66.20862068
H      63.68564077      58.25073830      65.51320140
C      60.90774310      57.12446141      68.48007171
H      61.45576372      58.77041304      69.58367187
C      59.08982638      55.30465498      69.25296977
H      58.34338449      55.38213375      71.16537280
C      58.56070301      53.29209645      67.64859213
C      56.60861572      51.33433999      68.48196143
H      54.76424284      52.22062164      68.20795112
H      56.66908697      49.60146097      67.36135373
H      56.96766373      50.89970295      70.46806379
 %endblock positions_abs
