 %block lattice_cart
   140.777   0.000   0.000
   0.000 144.511   0.000
   0.000   0.000   162.462
 %endblock lattice_cart

 %block positions_abs
C      61.74583672      55.58244474      64.88297767
H      61.74205725      53.57177594      64.47101733
C      63.25950749      57.25107307      63.53371308
H      64.31775423      56.67092710      61.87264365
C      63.60343768      59.77952688      64.43133308
H      65.03773994      60.80753800      63.37686580
C      62.30897515      60.56376330      66.54593683
H      62.69636904      62.46860742      67.20734104
C      60.79719411      58.91403224      67.95189320
H      59.77863162      59.72850427      69.54115303
C      60.51751461      56.44415994      67.11096499
C      59.10210960      54.69616310      68.56416453
H      59.50273157      54.90781245      70.57672305
H      57.11411751      54.69238366      68.01236444
H      59.72193984      52.74407582      68.31661038
 %endblock positions_abs
