 %block lattice_cart
   140.777   0.000   0.000
   0.000 144.511   0.000
   0.000   0.000   162.462
 %endblock lattice_cart

 %block positions_abs
C      60.31909334      54.66025830      64.34535053
H      60.13578989      53.11068273      63.00931403
C      61.76473397      56.72383944      63.58568055
H      63.03085060      56.49140310      61.98508237
C      61.53040791      59.07654870      64.77809786
H      62.53952176      60.67336743      63.96929500
C      60.03185494      59.31276448      66.96829065
H      59.79185970      61.11367366      67.92449217
C      58.57298623      57.32666213      67.63725377
H      57.25206754      57.64602588      69.17738071
C      58.70715680      54.95883506      66.36357823
C      56.86467364      52.84045186      67.01553381
H      55.12045626      53.12202108      65.94783845
H      57.76040391      51.06977831      66.45239537
H      56.29019684      52.99162997      68.99029781
 %endblock positions_abs
