 %block lattice_cart
   140.777   0.000   0.000
   0.000 144.511   0.000
   0.000   0.000   162.462
 %endblock lattice_cart

 %block positions_abs
C      57.85205563      54.46183704      67.90087060
H      56.55192394      55.31410361      69.24257627
C      57.60828095      51.91259624      67.16198760
H      56.31759788      50.75986319      68.26558776
C      58.98400170      51.13024955      65.15131881
H      58.79880852      49.24430269      64.35196457
C      60.65451976      52.80643679      63.88898162
H      61.73922266      52.03164900      62.32617796
C      61.19309175      55.14969742      64.81683725
H      62.50267210      56.41959350      63.87386381
C      59.64918537      55.99818453      66.66498959
C      60.09705050      58.56065341      67.86685551
H      58.91597155      59.08032815      69.47690233
H      62.04913778      58.86111990      68.46400903
H      59.63406756      59.89668992      66.36452309
 %endblock positions_abs
