 %block lattice_cart
   140.777   0.000   0.000
   0.000 144.511   0.000
   0.000   0.000   162.462
 %endblock lattice_cart

 %block positions_abs
C      62.61983513      50.89686835      63.17183050
H      63.53446266      50.01247643      61.55800422
C      61.69764869      53.35729200      62.85624620
H      62.08504258      54.59317301      61.26131719
C      60.32948683      54.41553874      64.73652388
H      59.56414768      56.32038286      64.64770674
C      59.71532578      53.00391319      66.86624543
H      58.46432696      53.74090646      68.31755524
C      60.47688549      50.45845184      67.03065162
H      60.03846898      49.34729277      68.70116968
C      62.02835079      49.38130785      65.21840409
C      63.26801125      46.94545062      65.34501575
H      65.23899580      47.25536574      64.81589238
H      63.40974073      46.22546490      67.27442631
H      62.24000014      45.46768465      64.33968136
 %endblock positions_abs
