 %block lattice_cart
   140.777   0.000   0.000
   0.000 144.511   0.000
   0.000   0.000   162.462
 %endblock lattice_cart

 %block positions_abs
C      60.74806121      55.99346022      68.33078332
H      60.26240155      56.72478430      70.18460484
C      59.89201519      53.47067559      67.71662227
H      58.72038487      52.56549669      69.13958618
C      60.66302352      52.21589732      65.57556236
H      60.03185493      50.33372991      65.04454927
C      62.31653406      53.54626464      63.94661828
H      62.86833413      52.60140149      62.20807007
C      63.22738213      55.91409171      64.59101495
H      64.61822070      56.53014249      63.20773529
C      62.48471969      57.29926110      66.80766391
C      63.52595890      59.84472244      67.48040649
H      64.95837144      59.61795529      68.94683410
H      64.37633573      60.70265819      65.80610898
H      62.10677444      61.23556101      68.03787574
 %endblock positions_abs
