 %block lattice_cart
   140.777   0.000   0.000
   0.000 144.511   0.000
   0.000   0.000   162.462
 %endblock lattice_cart

 %block positions_abs
C      59.16919488      52.75541418      64.45589952
H      59.21643804      51.12835982      63.20301097
C      60.84727186      54.67348639      63.90976862
H      61.86772405      54.69238365      62.12964643
C      61.13451025      56.67848601      65.67288326
H      62.58770979      58.07121430      65.25714347
C      59.46210247      56.97328331      67.69678014
H      59.49989698      58.54364588      69.02147829
C      57.67253164      54.99096041      68.08228431
H      56.56893147      55.17993304      69.80382498
C      57.58182479      52.84045186      66.63475395
C      55.71666491      50.91293102      67.47001298
H      53.86662285      51.68393936      66.97679442
H      56.16453004      49.06099924      66.67443821
H      55.85839438      50.74285566      69.52036603
 %endblock positions_abs
