 %block lattice_cart
   140.777   0.000   0.000
   0.000 144.511   0.000
   0.000   0.000   162.462
 %endblock lattice_cart

 %block positions_abs
C      59.06525994      53.64169581      64.36141321
H      57.97299813      51.91448596      64.15543304
C      60.72066018      54.73206790      62.56806294
H      61.14206915      53.82877872      60.77282294
C      61.76567884      57.11501278      63.14065001
H      62.87116873      57.97294852      61.63642786
C      61.32348287      58.31876844      65.38375514
H      62.28346384      60.10455980      65.70878807
C      59.89673950      57.14146895      67.25080474
H      59.78335594      57.88224166      69.16320777
C      58.57960026      54.80576722      66.72546082
C      56.64263080      54.00641299      68.78715223
H      55.97366769      55.71094613      69.73768457
H      54.99478946      53.12013135      67.91976785
H      57.58371451      52.95950462      70.29704356
 %endblock positions_abs
