 %block lattice_cart
   140.777   0.000   0.000
   0.000 144.511   0.000
   0.000   0.000   162.462
 %endblock lattice_cart

 %block positions_abs
C      59.94114808      56.29487157      62.75609070
H      59.93736863      54.59411788      61.60335765
C      62.05008265      57.84255742      62.41405024
H      63.54674589      57.02808537      61.26698638
C      62.40157174      59.89480019      64.03354570
H      64.05508227      61.11367367      63.98819227
C      60.75939958      60.38045985      65.84768295
H      60.91624686      62.12656696      66.91915778
C      58.54086088      58.87245825      66.23696657
H      57.30497988      59.34866928      67.80732914
C      58.11756219      56.77864149      64.66849373
C      55.82154472      55.13080015      64.95384240
H      55.75162485      53.68893897      63.47796615
H      56.04264270      54.05365615      66.69994952
H      54.06031980      56.20038524      65.00486502
 %endblock positions_abs
