 %block lattice_cart
   140.777   0.000   0.000
   0.000 144.511   0.000
   0.000   0.000   162.462
 %endblock lattice_cart

 %block positions_abs
C      59.84855149      58.09105641      69.01675398
H      59.02841027      58.89796956      70.71750766
C      59.24761853      55.50024165      68.50085870
H      57.74150665      54.51569423      69.48918556
C      60.23972484      54.38530311      66.34468097
H      59.83721314      52.44833365      65.79855007
C      61.91402235      55.71944989      64.75542114
H      63.26517667      54.76513811      63.53654767
C      62.42046901      58.22522699      65.27509588
H      63.59587877      59.20788466      63.90504430
C      61.39812707      59.48189498      67.38592017
C      62.03307511      62.23333650      67.84134421
H      61.58520997      63.37851065      66.18405424
H      60.85388589      62.97410921      69.36635335
H      64.00972883      62.41286050      68.40826211
 %endblock positions_abs
