 %block lattice_cart
   140.777   0.000   0.000
   0.000 144.511   0.000
   0.000   0.000   162.462
 %endblock lattice_cart

 %block positions_abs
C      61.38017466      56.39975137      63.67827714
H      61.48410962      54.79537373      62.39704270
C      62.76156460      58.61640033      62.99608594
H      63.71776612      58.70332774      61.18005896
C      62.29102276      60.77824723      64.45306493
H      63.28123935      62.50923654      63.95417719
C      60.79435952      60.67242257      66.64325773
H      60.79624923      62.18609335      68.02842712
C      59.55847851      58.41797908      67.33300783
H      58.09772006      58.25546261      68.76542038
C      59.82681965      56.27313970      65.76831445
C      58.48322424      53.76736261      66.15759807
H      56.62184381      54.08294691      66.99096737
H      58.27157488      52.88675016      64.30566628
H      59.52635316      52.34817815      67.23285234
 %endblock positions_abs
