 %block lattice_cart
   140.777   0.000   0.000
   0.000 144.511   0.000
   0.000   0.000   162.462
 %endblock lattice_cart

 %block positions_abs
C      60.37295054      54.59411789      66.29082377
H      60.30869984      52.93871764      65.07195031
C      61.86205487      56.63502229      65.57272778
H      62.77857213      56.48762364      63.73969325
C      62.16252136      58.65136028      67.09017800
H      63.35682839      60.21983312      66.51570120
C      60.58271016      58.94993703      69.14997969
H      60.75845471      60.53163796      70.44822167
C      58.87628730      57.01863674      69.78114828
H      57.73867206      57.23784500      71.47812251
C      58.95187635      54.69049392      68.53203919
C      57.29836583      52.46817577      69.44666672
H      57.20576924      52.64014088      71.50268895
H      55.36517581      52.44549906      68.72857072
H      58.06937416      50.63892071      68.88541801
 %endblock positions_abs
