 %block lattice_cart
   140.777   0.000   0.000
   0.000 144.511   0.000
   0.000   0.000   162.462
 %endblock lattice_cart

 %block positions_abs
C      59.99689501      53.34500879      64.09212720
H      59.43942575      51.54220989      63.27954488
C      62.07370423      54.49585212      63.00742431
H      63.10360507      53.79098421      61.37848021
C      63.01856738      56.79564903      64.08456829
H      64.47365664      57.86901359      63.10757979
C      61.65985416      57.87090330      65.97429462
H      62.37795016      59.68504058      66.61491184
C      59.61706002      56.82588465      67.00230572
H      58.54369547      57.71783548      68.51219706
C      58.80447771      54.45994731      66.08956792
C      56.55003421      53.27130947      67.16293246
H      54.98534083      53.64547527      65.87035966
H      56.82026508      51.22473586      67.20072698
H      56.46877598      53.96294930      69.10368139
 %endblock positions_abs
