 %block lattice_cart
   140.777   0.000   0.000
   0.000 144.511   0.000
   0.000   0.000   162.462
 %endblock lattice_cart

 %block positions_abs
C      59.18998187      54.40514524      67.61363219
H      58.33960503      55.12891043      69.33706258
C      58.95187636      51.74252088      67.03159648
H      58.19598583      50.33089531      68.31661037
C      59.76823812      50.88080568      64.66187969
H      59.87973198      48.85879853      64.31794949
C      60.89262528      52.61368471      62.92711094
H      61.48033016      51.71984416      61.17722437
C      61.28190890      55.03442412      63.50914664
H      62.02079189      56.48762364      62.26003754
C      60.53357728      55.97550782      65.89776069
C      60.76412389      58.72883906      66.56672381
H      62.17385972      58.98206237      68.05204869
H      61.34238014      59.91558717      64.98313316
H      58.95565581      59.24662406      67.41710065
 %endblock positions_abs
