 %block lattice_cart
   140.777   0.000   0.000
   0.000 144.511   0.000
   0.000   0.000   162.462
 %endblock lattice_cart

 %block positions_abs
C      60.06587002      53.55665814      68.71723236
H      58.93203423      54.24262879      70.28570520
C      59.84666177      51.14725709      67.72134659
H      58.66369309      49.76208770      68.67376865
C      61.35088391      50.42727136      65.64453737
H      61.37356063      48.41660257      65.23068731
C      62.92313621      52.27164424      64.57117283
H      63.98894184      51.83700719      62.86852942
C      62.98927663      54.75474462      65.39509350
H      64.19681174      56.20038525      64.58062146
C      61.48883394      55.48984815      67.46623354
C      61.51340038      58.32254790      68.36385354
H      60.11878236      58.88001716      69.77736882
H      63.39178833      58.91403223      68.98179404
H      61.05041742      59.48472958      66.72168137
 %endblock positions_abs
