 %block lattice_cart
   140.777   0.000   0.000
   0.000 144.511   0.000
   0.000   0.000   162.462
 %endblock lattice_cart

 %block positions_abs
C      58.34810880      53.58216944      68.20795112
H      57.08577162      53.88263592      69.79910068
C      58.90557806      51.09717934      67.31600029
H      58.33299099      49.32839551      68.18905385
C      60.65924408      50.88552999      65.39981781
H      61.02396126      49.00714203      64.65148620
C      61.97260387      53.07005361      64.46440329
H      63.37478079      52.83572754      62.98285786
C      61.53607709      55.51913891      65.46973768
H      62.52251422      57.12351655      64.65148620
C      59.75784463      55.64953002      67.44072223
C      58.98305684      58.17987356      68.34023196
H      57.92481010      59.11717781      66.83789954
H      57.70371212      58.06648998      69.95405824
H      60.59499338      59.35906278      68.86179643
 %endblock positions_abs
