 %block lattice_cart
   140.777   0.000   0.000
   0.000 144.511   0.000
   0.000   0.000   162.462
 %endblock lattice_cart

 %block positions_abs
C      58.72794379      57.49390290      63.92299671
H      59.43848088      55.98968076      62.71735132
C      59.53674665      59.96566492      63.39198360
H      60.83309890      60.53636228      61.90476900
C      58.77518695      62.01223853      64.90565439
H      59.62556379      63.82637578      64.45400980
C      57.11789697      61.72688984      66.85774166
H      56.58877360      63.32748804      68.03126171
C      56.15980573      59.28536345      67.19978212
H      54.74440072      58.86206475      68.62652549
C      56.96671887      57.20477478      65.90154015
C      55.84989062      54.63096754      66.39286900
H      57.16325040      53.15698101      65.79193602
H      55.15825078      54.53270177      68.33550765
H      54.23795407      54.48356889      65.11541401
 %endblock positions_abs
