 %block lattice_cart
   140.777   0.000   0.000
   0.000 144.511   0.000
   0.000   0.000   162.462
 %endblock lattice_cart

 %block positions_abs
C      62.01417785      55.05143165      70.77797890
H      62.21448884      57.09233607      70.69105149
C      63.03463006      53.78531502      72.87368539
H      63.67146782      54.72828845      74.58199796
C      63.04407869      51.11513174      72.94738471
H      63.56375342      50.00964185      74.60089523
C      62.06331073      49.77909524      70.99907688
H      62.01039839      47.72307301      71.03120223
C      61.19781608      51.11891119      68.86557588
H      60.33232143      50.17782749      67.25552905
C      61.16380101      53.73240268      68.66526488
C      60.07342892      55.16103578      66.42027002
H      59.20793427      56.92415043      67.05332834
H      61.56820244      55.40292074      65.01998282
H      58.45771293      54.21050344      65.55288565
 %endblock positions_abs
