 %block lattice_cart
   140.777   0.000   0.000
   0.000 144.511   0.000
   0.000   0.000   162.462
 %endblock lattice_cart

 %block positions_abs
C      59.94587240      55.85739992      67.85268257
H      59.27124010      56.88919049      69.49485473
C      59.16163597      53.55760299      67.15915302
H      57.70465700      52.74124124      68.35157032
C      60.25767724      52.24424321      65.20139656
H      59.36383669      50.47167993      64.67605263
C      62.24944877      53.30815913      63.88236759
H      63.21131946      52.24046375      62.41405024
C      63.04880300      55.73078825      64.54188208
H      64.72310051      56.49990686      63.63670317
C      61.95843093      56.99123572      66.47885154
C      62.95431669      59.53102787      67.11757904
H      64.99522110      59.76346421      66.89081187
H      62.31180974      60.98611714      65.80610898
H      62.30236111      60.30203622      68.91659849
 %endblock positions_abs
