 %block lattice_cart
   140.777   0.000   0.000
   0.000 144.511   0.000
   0.000   0.000   162.462
 %endblock lattice_cart

 %block positions_abs
C      61.83748844      54.46939594      65.96862544
H      60.87183829      52.88769502      66.85490708
C      62.66707829      54.15948083      63.49497369
H      62.23622069      52.35479220      62.61625096
C      63.97854835      55.98306672      62.09279677
H      64.34515525      55.83566807      60.07645879
C      64.69286489      58.21483350      63.38347984
H      66.01945277      59.55842891      62.57089753
C      64.01445315      58.53230752      65.92894118
H      64.73443887      60.11589817      67.02120299
C      62.52156936      56.64825038      67.18749891
C      62.05480696      56.75218533      69.98051440
H      61.85071652      58.69860343      70.63624943
H      60.29925122      55.71472559      70.29231924
H      63.60627226      55.85456533      71.00474606
 %endblock positions_abs
