 %block lattice_cart
   140.777   0.000   0.000
   0.000 144.511   0.000
   0.000   0.000   162.462
 %endblock lattice_cart

 %block positions_abs
C      60.33610088      54.61962918      65.44422638
H      59.83532341      53.02847963      64.24425018
C      61.83465385      56.57171646      64.62975434
H      62.26740117      56.68321031      62.62475473
C      62.03685456      58.77702706      66.13019703
H      62.90045949      60.39652252      65.20801060
C      60.81798109      58.92442573      68.48290630
H      61.05986606      60.58171569      69.66965443
C      59.34966375      56.85139596      69.34462149
H      58.37456497      56.90619802      71.15119986
C      59.24950825      54.65175453      67.89142197
C      57.17458876      52.62974737      68.51503165
H      57.29931070      52.06093976      70.49546482
H      55.30564944      53.48012422      68.29960284
H      57.50907032      50.92143479      67.40765203
 %endblock positions_abs
