 %block lattice_cart
   140.777   0.000   0.000
   0.000 144.511   0.000
   0.000   0.000   162.462
 %endblock lattice_cart

 %block positions_abs
C      62.04252374      56.71911512      63.05655718
H      61.91780181      55.14308337      61.74697685
C      63.86233018      58.45199415      62.62380986
H      65.04907830      58.42175852      60.94762263
C      64.21570899      60.44943486      64.25464367
H      65.53662770      61.94609810      63.77087373
C      62.63211835      60.74045271      66.41460084
H      62.64345671      62.43175776      67.57867225
C      60.85010644      58.91308737      66.82656119
H      59.44415006      59.09450109      68.31188607
C      60.41168994      56.91942611      65.14092530
C      58.58999377      54.63852645      65.66248977
H      59.16258084      52.78848439      64.94817323
H      58.38968278      54.52325314      67.71095310
H      56.72483390      55.12796556      64.92360679
 %endblock positions_abs
