 %block lattice_cart
   140.777   0.000   0.000
   0.000 144.511   0.000
   0.000   0.000   162.462
 %endblock lattice_cart

 %block positions_abs
C      60.74050232      54.22373152      63.99008199
H      60.58176530      52.45683742      62.95640169
C      62.82864988      55.90936739      63.58379083
H      63.97193430      55.98117699      61.87736796
C      63.09321157      57.97294853      65.15415340
H      64.51239603      59.35811792      64.62125058
C      61.52473873      58.30931981      67.21773452
H      61.79874905      59.91180772      68.47062307
C      59.76918299      56.48762365      67.80354969
H      58.76195886      56.55565379      69.59312051
C      59.34399457      54.49207266      66.15948779
C      57.19915520      52.65903814      66.56010978
H      56.36578590      52.86501830      68.43660801
H      55.70816113      52.94627654      65.15982257
H      58.11567247      50.81844471      66.38436523
 %endblock positions_abs
