 %block lattice_cart
   140.777   0.000   0.000
   0.000 144.511   0.000
   0.000   0.000   162.462
 %endblock lattice_cart

 %block positions_abs
C      58.29614132      56.66431305      61.16305143
H      57.47977956      55.77425196      59.50198199
C      59.84760663      58.81482159      61.04399867
H      59.86272444      59.95810601      59.33946552
C      61.31781370      59.62173473      63.07356472
H      62.52723854      61.27902471      63.17749966
C      61.00222941      58.23278589      65.30722123
H      61.99055627      58.99245587      66.93994475
C      59.33927025      56.20510956      65.48485550
H      59.15974625      55.25079777      67.29332358
C      57.89551935      55.32071764      63.46095861
C      56.38940748      52.86596316      63.51198122
H      57.38340352      51.28048278      62.64081739
H      55.98878550      52.49746653      65.50375277
H      54.57904967      53.22690089      62.58790507
 %endblock positions_abs
