 %block lattice_cart
   140.777   0.000   0.000
   0.000 144.511   0.000
   0.000   0.000   162.462
 %endblock lattice_cart

 %block positions_abs
C      58.16386048      55.91503657      65.04454927
H      58.39818655      53.98562600      64.37558616
C      59.08415720      57.78208616      63.41938464
H      60.15185256      57.38335391      61.71296178
C      59.00289896      60.38045985      64.05811213
H      60.15185256      61.78452650      63.09624144
C      57.73867205      60.98706199      66.34090152
H      57.62150902      62.91458283      67.03632080
C      56.69365341      59.08410759      67.93205108
H      55.66375256      59.50362684      69.65737120
C      56.87128768      56.44793939      67.25363933
C      55.51446418      54.41459387      68.78809710
H      55.57682515      54.83978230      70.80632480
H      53.56237691      54.70372200      68.17582577
H      56.03980811      52.48140386      68.29676825
 %endblock positions_abs
