 %block lattice_cart
   140.777   0.000   0.000
   0.000 144.511   0.000
   0.000   0.000   162.462
 %endblock lattice_cart

 %block positions_abs
C      60.81325678      56.38179897      62.63231362
H      60.66396840      54.87190765      61.24714424
C      62.17952890      58.51718971      62.20712520
H      63.05258246      58.82899455      60.37409068
C      62.52534882      60.24250983      64.06661590
H      63.45887361      62.01696284      63.61308158
C      61.43308701      60.00629404      66.40042790
H      61.43686646      61.68248128      67.58528630
C      59.98744638      57.90302866      66.83506494
H      59.16730516      57.90869784      68.71912209
C      59.81737101      55.95850028      65.02092769
C      58.50968040      53.64169582      65.72957505
H      59.43186684      52.11668669      64.68644613
H      58.63251261      53.15603616      67.73079523
H      56.50279106      53.91003696      65.33084281
 %endblock positions_abs
