 %block lattice_cart
   140.777   0.000   0.000
   0.000 144.511   0.000
   0.000   0.000   162.462
 %endblock lattice_cart

 %block positions_abs
C      60.39184780      54.02625512      62.86663970
H      59.97232856      52.55982750      61.49091894
C      61.88284187      56.23156573      62.28082454
H      62.91463243      56.08416708      60.51015099
C      62.14173437      58.32160303      63.86630492
H      63.12439205      60.00156972      63.20490071
C      60.57893071      58.40097153      66.03571073
H      60.52412865      60.18298345      67.05427321
C      59.03124485      56.27502944      66.65554096
H      57.67064190      56.49423769      68.17677063
C      58.98022225      54.07160855      65.15509825
C      57.08860621      51.98157125      65.99035729
H      56.94876645      51.76803218      68.03882062
H      55.33494019      52.48801790      65.02659687
H      57.72733369      50.14664700      65.29682773
 %endblock positions_abs
