 %block lattice_cart
   140.777   0.000   0.000
   0.000 144.511   0.000
   0.000   0.000   162.462
 %endblock lattice_cart

 %block positions_abs
C      58.82054038      54.62813295      68.12669288
H      58.16102589      55.60134200      69.81043903
C      58.12512109      52.16959902      67.65993049
H      56.70782636      51.22284613      68.80699436
C      59.56887199      50.86946732      65.78154253
H      59.14935275      48.85879851      65.73996855
C      61.13356538      52.17148874      64.13748064
H      62.16157650      51.13024954      62.69561946
C      61.49639283      54.85301038      64.47763137
H      62.76628892      55.84511670      63.20206611
C      60.37389540      55.94149274      66.52609470
C      60.61200092      58.82332537      66.91537832
H      60.54775023      59.80598305      65.10124106
H      59.01140273      59.63023851      67.93772025
H      62.25606281      59.41669942      68.01330931
 %endblock positions_abs
