 %block lattice_cart
   140.777   0.000   0.000
   0.000 144.511   0.000
   0.000   0.000   162.462
 %endblock lattice_cart

 %block positions_abs
C      61.69764868      56.33928013      65.41304590
H      62.73510844      55.25268750      64.01275870
C      62.33448645      58.83938805      65.87035966
H      63.94642300      59.61039638      64.85746636
C      61.35371850      60.16408619      67.92449217
H      61.83181925      62.11806320      68.34023196
C      59.58493467      58.98678670      69.52320063
H      58.66652768      59.96377520      71.07844539
C      58.95943526      56.46400207      69.06021768
H      57.67064191      55.44543959      70.29609869
C      60.15185256      55.10150940      67.09112286
C      59.67375180      52.04393222      67.06844616
H      61.23088628      51.27481362      68.18716413
H      57.79158440      51.36174103      67.56544417
H      60.11405803      51.30126978      65.19383765
 %endblock positions_abs
