 %block lattice_cart
   140.777   0.000   0.000
   0.000 144.511   0.000
   0.000   0.000   162.462
 %endblock lattice_cart

 %block positions_abs
C      60.30775499      52.35479220      64.46251356
H      60.19815086      50.80332690      63.12080788
C      61.81008740      54.38624799      63.98819226
H      62.96659991      54.34845346      62.29310775
C      62.12756143      56.30432019      65.76264527
H      63.43147259      57.83499851      65.34501575
C      60.82931945      56.25896676      68.05488328
H      61.12222703      57.87279303      69.29076429
C      59.23061098      54.18971645      68.62936008
H      58.25740193      53.91570613      70.41515145
C      59.11344795      52.24707780      66.84923790
C      57.26907508      50.13436378      67.54654690
H      55.27163436      50.64836934      67.49552429
H      57.40324564      48.48463271      66.31066590
H      57.77930118      49.64114521      69.48351638
 %endblock positions_abs
