 %block lattice_cart
   140.777   0.000   0.000
   0.000 144.511   0.000
   0.000   0.000   162.462
 %endblock lattice_cart

 %block positions_abs
C      59.38651341      56.13896915      66.25397410
H      58.68353522      54.24357364      65.89870557
C      60.94931707      57.25579740      64.51731562
H      61.23277602      56.64541580      62.57656670
C      62.07181450      59.46110800      65.04643899
H      63.24911399      60.32093348      63.59890864
C      61.86394460      60.67998148      67.44450169
H      62.76534406      62.47522147      67.87724902
C      60.32381766      59.61984501      69.31911018
H      60.02335118      60.79903422      70.97451043
C      59.09549556      57.33516590      68.69550050
C      57.67253164      55.97645268      70.82900152
H      56.71821985      57.48634400      71.86268180
H      56.03602866      54.90119841      70.18271511
H      58.97833252      54.97489773      72.07622088
 %endblock positions_abs
