 %block lattice_cart
   140.777   0.000   0.000
   0.000 144.511   0.000
   0.000   0.000   162.462
 %endblock lattice_cart

 %block positions_abs
C      62.42046901      52.61085011      63.77654291
H      61.07687360      51.19166566      63.14537433
C      64.58798508      53.13619403      62.36680708
H      65.16246188      52.12330072      60.67361231
C      66.16212710      55.10906830      63.47796616
H      67.92902120      55.64764030      62.58412561
C      65.29096327      56.56037810      65.50942194
H      66.68747101      57.79058993      66.37869605
C      63.08754239      55.93487870      66.75097213
H      62.34487995      56.80226307      68.45739499
C      61.59276887      54.05271130      65.81555761
C      59.15880138      53.47256532      67.11002013
H      59.11911713      53.85429003      69.13769646
H      57.95315599      54.75568948      66.03098641
H      58.45960265      51.54126503      66.91159887
 %endblock positions_abs
