 %block lattice_cart
   140.777   0.000   0.000
   0.000 144.511   0.000
   0.000   0.000   162.462
 %endblock lattice_cart

 %block positions_abs
C      56.17303381      53.95161094      65.75981067
H      55.91603102      52.14503258      64.82250643
C      57.52418812      55.63535708      64.19889674
H      57.96449435      55.07977755      62.27137590
C      58.24984303      57.90113893      65.12864208
H      59.42714251      59.17103501      64.02504192
C      57.40135591      58.60411712      67.49835888
H      57.60922580      60.56187358      68.08795349
C      56.01996598      57.00540866      69.08194954
H      55.43037136      57.67248205      70.93388132
C      55.50218096      54.52041856      68.18621927
C      54.06787870      52.71195048      69.65642633
H      53.04553676      53.51697388      71.25891424
H      52.61656889      52.03731818      68.35440490
H      55.48517342      51.38347288      70.35373534
 %endblock positions_abs
