 %block lattice_cart
   140.777   0.000   0.000
   0.000 144.511   0.000
   0.000   0.000   162.462
 %endblock lattice_cart

 %block positions_abs
C      59.02652055      54.49018293      67.12797253
H      58.11945192      55.71094613      68.50936247
C      58.37456497      51.91448597      66.91443345
H      56.82120994      50.98663035      67.88386306
C      59.49517267      50.49341178      64.88297766
H      59.09644042      48.49597107      64.61652625
C      61.35277364      51.62724757      63.47513156
H      62.32409296      50.50663987      62.05216765
C      61.99717031      54.11601712      63.79260559
H      63.35777326      54.98718095      62.52459923
C      60.73294341      55.72606394      65.37241678
C      61.23561061      58.47372600      65.37997569
H      59.64635078      59.47528095      66.23224226
H      62.66613343      59.04253362      66.75569644
H      61.55119490      59.26363160      63.49969800
 %endblock positions_abs
