 %block lattice_cart
   140.777   0.000   0.000
   0.000 144.511   0.000
   0.000   0.000   162.462
 %endblock lattice_cart

 %block positions_abs
C      59.68414531      55.00418849      67.73740926
H      58.99628492      56.16448045      69.28887457
C      58.76195886      52.59100799      67.33489755
H      57.57710047      51.58567359      68.67849296
C      59.72571928      51.18316189      65.33934657
H      59.28541304      49.19894926      65.04076982
C      61.53040790      52.23762917      63.66315934
H      61.90646344      51.24174340      61.90571386
C      62.18992239      54.66403776      63.88047785
H      63.43903149      55.50496596      62.48585983
C      61.42458324      56.09267085      66.01208913
C      62.29763680      58.74584659      66.21240013
H      61.79685931      59.80031387      64.51164644
H      61.35277363      59.82488032      67.69772500
H      64.29507750      59.01985691      66.65459608
 %endblock positions_abs
