 %block lattice_cart
   140.777   0.000   0.000
   0.000 144.511   0.000
   0.000   0.000   162.462
 %endblock lattice_cart

 %block positions_abs
C      58.51062526      58.85261612      68.13425179
H      58.34621907      60.74612189      68.91848821
C      57.42403263      56.89296993      69.56477460
H      56.53208181      57.33705562      71.36190433
C      57.44670935      54.41742846      68.68983133
H      56.44515440      52.97178783      69.75185751
C      58.75628968      53.77870097      66.42593920
H      58.66369309      51.89842329      65.60768770
C      59.79374943      55.68543482      65.10313078
H      60.93325439      55.33394573      63.43072299
C      59.72571928      58.17798383      65.90248501
C      61.40757570      60.16975536      64.45495465
H      60.26996046      61.49445351      63.35324421
H      62.48094024      61.39618774      65.72107128
H      62.47905052      59.31559907      62.90915853
 %endblock positions_abs
