 %block lattice_cart
   140.777   0.000   0.000
   0.000 144.511   0.000
   0.000   0.000   162.462
 %endblock lattice_cart

 %block positions_abs
C      60.07531865      55.86873827      64.60802250
H      59.44981925      54.28325790      63.45906890
C      61.82331549      57.62618375      63.64804152
H      62.88534167      57.45988784      61.89815496
C      62.18803267      59.86928889      65.10124106
H      63.56186369      61.20910484      64.36613752
C      60.98049755      60.12062248      67.45395032
H      61.41513460      61.76279464      68.61046282
C      59.13801439      58.50112703      68.16070797
H      58.09866493      58.88474147      69.89169727
C      58.81676092      56.34305959      66.81711255
C      56.75695924      54.48167917      67.70150446
H      56.56987634      54.79537373      69.73107052
H      55.03163912      55.04859706      66.72262624
H      57.34088467      52.57494531      67.16482219
 %endblock positions_abs
