 %block lattice_cart
   140.777   0.000   0.000
   0.000 144.511   0.000
   0.000   0.000   162.462
 %endblock lattice_cart

 %block positions_abs
C      60.54397077      58.05798621      68.49235493
H      61.01451263      59.96283034      69.10651598
C      58.72038489      56.78242095      70.02114351
H      58.00984779      57.56476765      71.78425816
C      57.70371213      54.45994731      69.09328789
H      56.46783112      53.35445742      70.30649219
C      58.55597870      53.38280332      66.80671906
H      57.90780258      51.58189414      66.06216689
C      60.16413578      54.78498024      65.26848184
H      60.56286805      54.07822260      63.38064525
C      61.19214691      57.12257169      66.07539497
C      63.08187322      58.43026230      64.25180908
H      63.26895613      60.39746739      64.84518314
H      64.79963444      57.33044158      64.56550365
H      62.56219848      58.34900407      62.25814782
 %endblock positions_abs
