 %block lattice_cart
   140.777   0.000   0.000
   0.000 144.511   0.000
   0.000   0.000   162.462
 %endblock lattice_cart

 %block positions_abs
C      61.57103702      55.35756731      62.84490785
H      61.52379387      54.52797746      60.96463017
C      63.30391605      57.31910322      63.25686818
H      64.24499976      58.08822183      61.59957821
C      63.57036746      58.44915956      65.61524661
H      64.91207315      59.97605842      65.89492612
C      62.11527820      57.53453202      67.67126884
H      62.47999538      58.37923969      69.50619309
C      60.50334166      55.55976803      67.27820578
H      59.45076410      54.98340150      68.94683410
C      60.10460940      54.43160142      64.86502527
C      58.19031665      52.35857165      64.53432316
H      58.94620718      50.68616386      63.59134974
H      57.18120280      52.11290723      66.31822480
H      56.75223493      53.18249232      63.30411134
 %endblock positions_abs
