 %block lattice_cart
   140.777   0.000   0.000
   0.000 144.511   0.000
   0.000   0.000   162.462
 %endblock lattice_cart

 %block positions_abs
C      62.11716792      55.54653995      65.17399552
H      63.53824212      54.61490487      64.01748301
C      62.82392556      57.89546975      66.12641758
H      64.64373201      58.56443287      65.44422639
C      61.11183354      59.18804255      67.59851438
H      61.73544321      61.03052571      68.25424942
C      58.81203661      58.13735472      68.23724187
H      57.67253164      59.18615282      69.58839618
C      58.17897830      55.73551258      67.26592256
H      56.40263555      54.81521586      67.73646440
C      59.78146621      54.41270416      65.61808120
C      59.04825239      51.94661131      64.56550365
H      57.06215005      51.91448598      64.00236520
H      60.16319093      51.54976880      62.87419859
H      59.22777639      50.42160218      65.94311414
 %endblock positions_abs
