 %block lattice_cart
   140.777   0.000   0.000
   0.000 144.511   0.000
   0.000   0.000   162.462
 %endblock lattice_cart

 %block positions_abs
C      59.15974625      54.59600760      64.82250643
H      59.12006200      52.56833127      64.50125296
C      61.03246503      56.03975851      63.59040487
H      62.25511795      55.08544672      62.24303001
C      61.60694182      58.53419725      64.43700226
H      63.12817151      59.68315085      63.67355283
C      60.11783749      59.58488507      66.20578609
H      60.46176768      61.55209016      66.69522520
C      57.95977005      58.31120954      67.19600268
H      56.84105206      59.13701993      68.70967345
C      57.56670697      55.80543245      66.55160600
C      55.49745666      54.21428289      67.57772739
H      55.00612782      54.83411313      69.48446124
H      53.75701873      54.60356651      66.53648819
H      55.90941700      52.19416546      67.50213834
 %endblock positions_abs
