 %block lattice_cart
   140.777   0.000   0.000
   0.000 144.511   0.000
   0.000   0.000   162.462
 %endblock lattice_cart

 %block positions_abs
C      62.05669668      55.09961966      64.64014784
H      62.41385496      53.66531739      63.21340447
C      63.16974548      57.40508577      63.99197171
H      64.55302514      57.45988783      62.47452148
C      62.94675778      59.57827104      65.61902607
H      63.71965584      61.38484938      65.01809310
C      61.49922743      59.36284224      67.87346956
H      61.14773833      61.02769111      69.02431288
C      60.48255467      57.06682476      68.51030733
H      59.46210247      56.77769663      70.26775280
C      60.77357252      54.87852169      66.91915777
C      59.36761614      52.51825352      67.63725377
H      59.96099021      50.91387588      66.48452072
H      59.50745589      52.22534595      69.67626846
H      57.34560899      52.79415357      67.33111811
 %endblock positions_abs
