 %block lattice_cart
   140.777   0.000   0.000
   0.000 144.511   0.000
   0.000   0.000   162.462
 %endblock lattice_cart

 %block positions_abs
C      63.11021910      57.24067958      62.84396298
H      63.58831986      55.99157049      61.28682849
C      64.08531788      59.69165461      62.97624382
H      65.29474272      60.42297870      61.48336003
C      63.57698150      61.36784185      64.96990508
H      64.30452614      63.28969351      64.94155918
C      62.23716555      60.44376568      67.04482457
H      62.03496483      61.65508025      68.69266591
C      61.25639759      57.95688586      66.96923552
H      60.08287755      57.26713575      68.50936246
C      61.60221751      56.44321508      64.79982971
C      60.52318378      53.70311193      64.68455640
H      61.02963043      52.79415357      62.90254449
H      61.41513460      52.53904052      66.13775594
H      58.47283073      53.80893660      64.88297767
 %endblock positions_abs
