 %block lattice_cart
   140.777   0.000   0.000
   0.000 144.511   0.000
   0.000   0.000   162.462
 %endblock lattice_cart

 %block positions_abs
C      56.51790886      55.82432970      63.95984636
H      56.13996361      54.53742609      62.40649133
C      57.40985969      58.28097392      63.37592093
H      58.19031666      58.64569110      61.51076106
C      57.56103778      60.01007350      65.27131643
H      58.27346461      61.92625598      65.09746161
C      56.69365341      59.47150149      67.76197570
H      56.79758836      60.75462565      69.36068416
C      55.76390806      57.10745388      68.25330455
H      55.10439358      56.54053597      70.11468496
C      55.73178271      55.33678031      66.41649057
C      54.71888942      52.63258196      67.06655643
H      52.79325830      52.50974976      67.79977023
H      54.53180651      51.39103178      65.43005343
H      55.88107109      51.63669619      68.45172580
 %endblock positions_abs
