 %block lattice_cart
   140.777   0.000   0.000
   0.000 144.511   0.000
   0.000   0.000   162.462
 %endblock lattice_cart

 %block positions_abs
C      56.72010957      55.72889853      67.34907051
H      55.79603341      56.80793225      68.83250566
C      56.37995885      53.13052484      67.23568693
H      55.26124087      52.32928089      68.76069606
C      57.51946381      51.90787192      65.29871746
H      57.31348363      49.88775449      64.98691262
C      58.89707429      53.10973786      63.43544731
H      59.83626827      52.02314523      61.96524024
C      59.03880376      55.70055264      63.67544256
H      59.91185731      56.76446854      62.15043342
C      58.10716869      57.08761175      65.66154491
C      58.38306873      59.91275259      65.89965043
H      60.37295054      60.34361019      65.56138942
H      57.52891243      60.86328493      64.27826525
H      57.78591522      60.78202669      67.67221371
 %endblock positions_abs
