 %block lattice_cart
   140.777   0.000   0.000
   0.000 144.511   0.000
   0.000   0.000   162.462
 %endblock lattice_cart

 %block positions_abs
C      63.49288869      55.16670495      69.83028116
H      62.65385020      57.04320318      69.81705307
C      65.11994304      54.43160142      71.88063421
H      65.70008902      55.75063038      73.34517210
C      66.09315209      51.97873666      71.77480953
H      67.29690775      51.40425986      73.33572347
C      65.03301563      50.21751174      70.05137914
H      65.37505609      48.20306349      70.26491821
C      63.39840237      50.98285090      68.15409392
H      62.71054199      49.69405755      66.71034301
C      62.68030637      53.48106908      67.99724663
C      60.69798347      54.46750622      66.09618196
H      58.97455307      53.89680887      67.07883965
H      60.54113619      56.51030036      65.86185590
H      60.92853008      53.79476365      64.15732277
 %endblock positions_abs
