 %block lattice_cart
   140.777   0.000   0.000
   0.000 144.511   0.000
   0.000   0.000   162.462
 %endblock lattice_cart

 %block positions_abs
C      64.68814058      55.80637731      73.94893965
H      64.62388988      57.70366252      74.73128635
C      65.68213662      53.81838524      75.23584327
H      66.49093948      54.16798460      77.08966478
C      65.52906879      51.25402662      74.28909039
H      66.17913464      49.72901748      75.50418441
C      64.34987957      50.83639710      72.02708799
H      64.16468639      49.03359820      71.06332757
C      63.20470542      52.88486044      70.81955288
H      61.93858879      52.50124598      69.24730058
C      63.40501641      55.34150463      71.74362904
C      62.15212787      57.50524126      70.40759254
H      60.22460703      58.00223928      70.95183373
H      63.33320681      59.18898741      70.53987338
H      61.92914016      57.04036859      68.41204156
 %endblock positions_abs
