 %block lattice_cart
   140.777   0.000   0.000
   0.000 144.511   0.000
   0.000   0.000   162.462
 %endblock lattice_cart

 %block positions_abs
C      60.87939720      54.77742133      65.54343702
H      61.17797395      53.27508891      64.17905462
C      61.62772882      57.25107308      65.20328628
H      62.24000014      57.90113893      63.35513395
C      61.33104179      59.14079939      66.90215024
H      61.72599458      61.12690174      66.56388923
C      60.25956697      58.44915956      69.19816771
H      60.11405804      60.02141185      70.51152749
C      59.39218259      56.07377358      69.75941642
H      58.13362486      55.76952765      71.35245570
C      59.76634840      54.12168630      67.85457230
C      58.73455783      51.49685645      68.31188607
H      59.48666890      50.75797346      70.08633907
H      56.68231506      51.66126264      68.41393129
H      59.52635316      50.19105557      66.92293723
 %endblock positions_abs
