 %block lattice_cart
   140.777   0.000   0.000
   0.000 144.511   0.000
   0.000   0.000   162.462
 %endblock lattice_cart

 %block positions_abs
C      56.62467840      57.71972520      67.32733866
H      55.77052211      58.54931505      68.99974644
C      56.45838249      55.10056453      66.68105225
H      55.16580969      54.02531025      67.86024148
C      57.77930118      54.31065893      64.58345604
H      57.56954156      52.38880727      63.89181621
C      59.45170897      55.92448520      63.34568531
H      60.47027145      55.29709606      61.67516725
C      59.34966374      58.53608696      63.88047786
H      60.39468240      59.83999812      62.68995029
C      58.05331149      59.41669943      65.96295625
C      58.12323137      62.20404574      66.86624543
H      58.35566770      63.39646304      65.19761709
H      56.37523453      62.82198624      67.77331406
H      59.66524804      62.59710881      68.17960523
 %endblock positions_abs
