 %block lattice_cart
   140.777   0.000   0.000
   0.000 144.511   0.000
   0.000   0.000   162.462
 %endblock lattice_cart

 %block positions_abs
C      60.84916158      53.74657563      64.62975434
H      61.22521711      52.18566170      63.35040962
C      62.11716794      56.06149037      64.40487690
H      63.61005172      56.00857803      62.99703080
C      61.72599459      58.06271053      66.09618196
H      62.94864751      59.71244160      66.04893881
C      59.84949635      57.73011870      67.97645964
H      59.68320044      59.18142851      69.42021054
C      58.46810642      55.50969028      68.19755761
H      56.97522264      55.47189576      69.60918317
C      58.95943527      53.54815437      66.55916491
C      57.58749395      51.01403138      66.88797728
H      56.31381843      51.40709446      68.46589875
H      56.36295131      50.62663749      65.27226128
H      59.01045788      49.56461130      67.25269446
 %endblock positions_abs
