 %block lattice_cart
   140.777   0.000   0.000
   0.000 144.511   0.000
   0.000   0.000   162.462
 %endblock lattice_cart

 %block positions_abs
C      59.66335831      55.18938168      64.04204946
H      58.55597869      53.47162046      63.85307683
C      61.53040791      55.80165299      62.23736083
H      61.87244837      54.48073430      60.69912361
C      62.60566218      58.12979581      62.04082929
H      63.84910209      58.57388149      60.46857700
C      62.03496483      59.89291046      63.90409944
H      62.81164235      61.75618060      63.52804390
C      60.20004058      59.30709531      65.81839219
H      59.83532341      60.85100171      67.12230335
C      59.02085137      56.89958399      65.90342988
C      56.91191680      56.30809964      67.72512604
H      57.38434838      54.64325077      68.84573375
H      56.31665301      57.74618138      69.08005981
H      55.19415558      56.25518732      66.58373135
 %endblock positions_abs
