 %block lattice_cart
   140.777   0.000   0.000
   0.000 144.511   0.000
   0.000   0.000   162.462
 %endblock lattice_cart

 %block positions_abs
C      59.60761139      53.11446218      66.45050564
H      59.13895926      51.20394888      65.85524186
C      61.29324726      54.51852883      65.04454928
H      62.13417547      53.68893898      63.36269285
C      61.89606995      56.99407030      65.69650484
H      63.17541467      58.07310402      64.50597727
C      60.51656974      58.16003144      67.62024623
H      60.98522187      60.15180297      67.81110860
C      58.82526469      56.80320794      68.90903959
H      57.67820082      57.76696836      70.31499596
C      58.33204613      54.28042331      68.37802648
C      56.15508141      52.91415119      69.19816771
H      55.65997312      53.25052247      71.17293170
H      54.46755582      53.40736976      68.11913399
H      56.43287118      50.87135705      69.08478412
 %endblock positions_abs
