 %block lattice_cart
   140.777   0.000   0.000
   0.000 144.511   0.000
   0.000   0.000   162.462
 %endblock lattice_cart

 %block positions_abs
C      61.76189938      57.63374265      69.01958857
H      62.21732343      58.68065103      70.72790115
C      60.56003345      55.36229163      69.36729821
H      60.06870461      54.84450662      71.29292932
C      59.95910047      54.02625512      67.17899514
H      58.93675855      52.26125075      67.42276983
C      60.87750747      54.68199015      64.80171944
H      60.50523139      53.41398380      63.23135687
C      62.33637618      56.81738089      64.52770912
H      63.06581054      57.37296042      62.68900542
C      62.81636667      58.28380851      66.63664369
C      64.55869433      60.60439242      66.40798680
H      63.39084347      62.14829882      65.69367026
H      65.37505610      61.19209730      68.20889598
H      66.13472606      60.20943962      65.13620099
 %endblock positions_abs
