 %block lattice_cart
   140.777   0.000   0.000
   0.000 144.511   0.000
   0.000   0.000   162.462
 %endblock lattice_cart

 %block positions_abs
C      59.73327818      54.50719048      63.96268095
H      60.58365502      53.60390130      62.32617797
C      59.98839124      57.04320319      64.34629539
H      61.00128454      58.21483350      62.99703081
C      58.99439519      58.31120954      66.47412722
H      59.27407469      60.32187834      66.79916015
C      57.65268951      56.83533328      68.24291105
H      56.83254830      57.71405602      69.90775993
C      57.36545111      54.19538563      67.92543703
H      56.35822699      53.05588066      69.30871669
C      58.41046977      53.05777038      65.77303876
C      58.82809929      50.31010833      65.61997093
H      58.70904652      49.39926025      63.77181860
H      60.64412626      49.98885485      66.54404710
H      57.32765658      49.39926025      66.70845329
 %endblock positions_abs
