 %block lattice_cart
   140.777   0.000   0.000
   0.000 144.511   0.000
   0.000   0.000   162.462
 %endblock lattice_cart

 %block positions_abs
C      59.26084661      54.57616548      64.83384478
H      59.19848564      53.00013373      63.52048499
C      61.03718935      56.44510480      64.72046120
H      62.19181212      56.55848838      63.02537670
C      61.33387638      58.31782358      66.45522996
H      62.82298071      59.71811077      66.24924979
C      59.54997474      58.33672084      68.50936246
H      59.80886724      59.87684778      69.84539896
C      57.66969706      56.55092947      68.64731248
H      56.57176607      56.62084935      70.38208124
C      57.49206278      54.52703259      66.92577181
C      55.79697828      52.22723567      67.49457943
H      53.94882595      52.74313095      66.74057863
H      56.46972085      50.48301828      66.62152587
H      55.73650704      51.79448834      69.51280713
 %endblock positions_abs
