 %block lattice_cart
   140.777   0.000   0.000
   0.000 144.511   0.000
   0.000   0.000   162.462
 %endblock lattice_cart

 %block positions_abs
C      57.80764706      55.77519682      66.75475158
H      56.31098383      55.66937215      68.15503878
C      57.95315600      53.97050820      64.77242868
H      56.59444278      52.43227098      64.66093483
C      59.50651103      54.31821784      62.63892767
H      59.23439044      53.25808138      60.90037946
C      61.01451262      56.43093185      62.51231601
H      62.26740116      56.89202509      60.95140207
C      61.05797632      58.14302389      64.53810262
H      61.86299974      59.99684541      64.17905462
C      59.35722265      57.81610124      66.56955840
C      59.06053562      59.72472482      68.57455802
H      60.63845708      61.04186406      68.41015183
H      57.26907506      60.73950785      68.43471827
H      59.01329245      58.94048840      70.48129187
 %endblock positions_abs
