 %block lattice_cart
   140.777   0.000   0.000
   0.000 144.511   0.000
   0.000   0.000   162.462
 %endblock lattice_cart

 %block positions_abs
C      56.79002945      55.31599333      68.60762823
H      56.42909172      56.52730790      70.22523396
C      55.81115122      52.87446694      68.46778849
H      55.15352646      51.87291199      70.13641682
C      55.75634916      51.53465098      66.18877855
H      55.00423808      49.62980686      66.03382099
C      56.68420477      52.61557443      63.98535767
H      56.58782873      51.47795919      62.28082454
C      57.90307825      54.93048917      64.12897687
H      58.68542494      55.71850504      62.40176702
C      57.98811593      56.28353321      66.34184638
C      59.33549079      58.76096440      66.24924979
H      58.88573593      59.73795291      68.00858499
H      61.37261576      58.69671371      65.92799632
H      58.63440233      59.85700566      64.64487215
 %endblock positions_abs
