 %block lattice_cart
   140.777   0.000   0.000
   0.000 144.511   0.000
   0.000   0.000   162.462
 %endblock lattice_cart

 %block positions_abs
C      57.28041343      56.32605205      69.03376151
H      56.73050307      57.11217820      70.84978851
C      56.58121469      53.96200443      68.32700388
H      55.31698779      52.94344195      69.58178215
C      57.46182715      52.91698578      66.10468574
H      56.97616749      51.04426701      65.41682536
C      58.98116711      54.36451614      64.43605740
H      60.02051658      53.51602902      62.87892292
C      59.34399456      56.82871925      65.17116094
H      60.38334403      58.19499136      64.04677377
C      58.55219923      57.81893584      67.38025100
C      59.12667603      60.51179583      68.10212644
H      58.68259035      61.79492000      66.54877142
H      58.15157726      61.27713499      69.75185751
H      61.12789620      60.70076847      68.55755049
 %endblock positions_abs
