 %block lattice_cart
   140.777   0.000   0.000
   0.000 144.511   0.000
   0.000   0.000   162.462
 %endblock lattice_cart

 %block positions_abs
C      62.38172961      55.21583784      64.39542828
H      63.26990098      53.97806710      63.02159725
C      63.12817151      57.73106356      64.50314268
H      64.42830321      58.48506436      63.10285548
C      62.28535357      59.39780217      66.23980116
H      62.65951938      61.38768398      65.89398125
C      60.54491564      58.46616710      68.05204870
H      59.75501004      59.79275497      69.40887219
C      59.78335593      55.95661055      68.00669526
H      58.29425160      55.45394335      69.33139341
C      60.72821909      54.23884934      66.18688882
C      59.67186208      51.65370374      65.95634221
H      60.95687597      50.68616387      64.66187969
H      59.74178195      50.45372753      67.63441918
H      57.72544398      51.61212976      65.27415102
 %endblock positions_abs
