 %block lattice_cart
   140.777   0.000   0.000
   0.000 144.511   0.000
   0.000   0.000   162.462
 %endblock lattice_cart

 %block positions_abs
C      60.38712350      55.22528647      63.17560994
H      60.10177481      53.85712462      61.67138780
C      61.71371137      57.41547927      62.50853655
H      62.39401284      57.80854234      60.61125133
C      62.16346623      59.03497471      64.42660876
H      63.45036985      60.62234482      64.20740051
C      61.22049280      58.69293425      66.82089200
H      61.94047852      59.90046936      68.31944497
C      59.54052611      56.73895725      67.48229621
H      58.86778354      56.48006474      69.40603760
C      59.37800964      54.87001792      65.60768771
C      58.22716632      52.25652643      66.13870080
H      56.48483866      52.70439157      67.14781466
H      57.91536148      51.28709683      64.34535053
H      59.58398981      51.09434476      67.17427082
 %endblock positions_abs
