 %block lattice_cart
   140.777   0.000   0.000
   0.000 144.511   0.000
   0.000   0.000   162.462
 %endblock lattice_cart

 %block positions_abs
C      62.07748368      57.30493027      63.81244771
H      62.23811042      55.84984101      62.37247627
C      63.48721951      59.51402033      63.63292371
H      64.86482999      59.70677242      62.12114267
C      63.26612153      61.33760623      65.42060480
H      64.58704022      62.90040989      65.24108080
C      61.61450073      61.17131031      67.40670716
H      61.30836507      62.71710643      68.72573612
C      60.04602789      59.09072164      67.44828114
H      58.52857767      59.17764905      68.82967107
C      60.29925122      57.15186244      65.71540211
C      58.66652769      54.84261689      66.11413436
H      59.56225796      53.60862561      67.50497293
H      56.75790411      55.22056215      66.80388446
H      58.41330436      53.74846535      64.38314505
 %endblock positions_abs
