 %block lattice_cart
   140.777   0.000   0.000
   0.000 144.511   0.000
   0.000   0.000   162.462
 %endblock lattice_cart

 %block positions_abs
C      59.38556854      55.81015676      69.52792495
H      58.82809928      57.15564190      70.97545530
C      58.33488071      53.42154270      69.49957905
H      57.13112505      52.74313096      71.02080873
C      58.98872601      51.79448835      67.60607328
H      58.17236425      49.91232094      67.52670478
C      60.51184542      52.59195285      65.54627160
H      60.87656260      51.41843281      63.90220971
C      61.51906955      55.04481761      65.56516887
H      62.77951700      55.73456771      64.09685152
C      61.00506399      56.65297470      67.61363219
C      61.97827304      59.32693743      67.31316571
H      61.26017704      60.54581090      68.81360840
H      64.02295691      59.42520320      67.56449931
H      61.50395174      60.05259233      65.43855720
 %endblock positions_abs
