 %block lattice_cart
   140.777   0.000   0.000
   0.000 144.511   0.000
   0.000   0.000   162.462
 %endblock lattice_cart

 %block positions_abs
C      59.92414055      54.92954429      64.72424066
H      59.86744875      53.33839475      63.42599868
C      61.27718459      57.14241381      64.22346319
H      62.36755666      57.35973234      62.49625334
C      61.43592159      59.02269150      66.06783607
H      62.52818341      60.74045270      65.79571548
C      60.00350905      58.76568871      68.28637476
H      60.15279742      60.13007112      69.81327362
C      58.87156298      56.42809727      68.90998444
H      57.96071490      56.09928489      70.72223198
C      58.90179860      54.44199491      67.11852390
C      57.71505048      52.01558633      67.79693564
H      55.68170497      51.99479933      67.45489518
H      58.28574783      50.36963470      66.69144575
H      57.87567722      51.47134515      69.78303800
 %endblock positions_abs
