 %block lattice_cart
   140.777   0.000   0.000
   0.000 144.511   0.000
   0.000   0.000   162.462
 %endblock lattice_cart

 %block positions_abs
C      59.46399218      56.62557367      65.31194555
H      58.75345509      54.70183228      65.41588049
C      60.79813896      57.36445665      63.18411371
H      60.81136704      56.12857565      61.54383128
C      62.02646106      59.70393783      63.04427397
H      63.22832700      60.28408381      61.48336004
C      61.53891168      61.40091206      65.08706811
H      62.48755429      63.21882877      65.20045169
C      60.20098545      60.60722701      67.24513555
H      59.82304018      61.99995530      68.70589399
C      59.23722503      58.21483350      67.33773214
C      57.71221589      57.51374503      69.59217564
H      55.75823888      57.53831148      68.93077143
H      58.40574546      55.76196874      70.43499357
H      57.64418575      59.02552608      70.99624230
 %endblock positions_abs
