 %block lattice_cart
   140.777   0.000   0.000
   0.000 144.511   0.000
   0.000   0.000   162.462
 %endblock lattice_cart

 %block positions_abs
C      58.52857767      54.84734121      66.91254373
H      57.31726310      55.28197826      68.51314191
C      58.37362011      52.45494769      65.91287850
H      56.88262605      51.24741258      66.65176149
C      59.80792238      51.83889692      63.91921724
H      59.75501004      50.01153157      62.98380272
C      61.65418499      53.49807662      63.07261987
H      62.75967488      52.78376007      61.49658812
C      61.78079665      55.88480095      63.89843026
H      63.15651741      57.19060183      63.11041438
C      60.30114095      56.73328807      65.95067303
C      60.74333689      59.25229324      67.12986226
H      59.13329008      59.29953640      68.41865560
H      62.47243648      59.13324048      68.24858023
H      60.72254991      60.81320718      65.78059766
 %endblock positions_abs
