 %block lattice_cart
   140.777   0.000   0.000
   0.000 144.511   0.000
   0.000   0.000   162.462
 %endblock lattice_cart

 %block positions_abs
C      57.33993981      59.85889539      69.24068654
H      56.78058082      60.56187358      71.08694915
C      56.85428015      57.33800049      68.63219467
H      55.70721628      56.28164348      69.97012090
C      57.75190015      56.16448045      66.49491421
H      57.19821034      54.22940070      66.07539497
C      59.20509968      57.62523889      64.81683725
H      60.15752174      56.67092710      63.26726167
C      59.54902987      60.17825914      65.29115855
H      60.67341703      61.20060107      63.90976862
C      58.67786604      61.31776410      67.51347669
C      59.51123534      64.07487479      67.95000347
H      61.49166852      64.05597753      68.53581863
H      59.45265383      65.29563799      66.28893404
H      58.52101876      64.97627424      69.52036604
 %endblock positions_abs
