 %block lattice_cart
   140.777   0.000   0.000
   0.000 144.511   0.000
   0.000   0.000   162.462
 %endblock lattice_cart

 %block positions_abs
C      62.68597555      55.76385846      67.57583766
H      61.58426511      54.03475889      67.70811851
C      64.05413740      56.15503182      65.32139417
H      64.15051344      54.84734120      63.74158298
C      65.70575820      58.23562048      65.23824622
H      66.76778438      58.61545548      63.52048500
C      65.58103626      60.14991323      67.17899513
H      66.63739327      61.90546898      67.02592730
C      64.43586211      59.59811315      69.38619547
H      64.30547100      60.98895172      70.89230734
C      63.07147972      57.34555939      69.59406536
C      61.62961854      56.58777913      71.95433353
H      59.65296481      56.36479144      71.39686426
H      62.35905290      54.93237888      72.94832958
H      61.88473159      58.21294376      73.19777344
 %endblock positions_abs
