 %block lattice_cart
   140.777   0.000   0.000
   0.000 144.511   0.000
   0.000   0.000   162.462
 %endblock lattice_cart

 %block positions_abs
C      61.09671572      56.90525317      64.70912284
H      61.11939244      55.14402824      63.65654530
C      62.47432620      59.07843843      63.87197409
H      63.48532978      58.80253838      62.10696971
C      62.13039601      61.37067644      65.09840647
H      62.96754477      63.03363559      64.22913236
C      60.60160743      61.57854634      67.19600268
H      60.34460465      63.41347058      68.08039460
C      59.58493467      59.41103026      68.30149257
H      58.37550983      59.55275973      69.95500309
C      59.71910524      57.12635114      66.95222799
C      58.10527897      54.87001792      67.55127122
H      56.41208419      54.91159191      66.37208201
H      59.19187160      53.12957998      67.33962188
H      57.31348364      54.93048917      69.45800508
 %endblock positions_abs
