 %block lattice_cart
   140.777   0.000   0.000
   0.000 144.511   0.000
   0.000   0.000   162.462
 %endblock lattice_cart

 %block positions_abs
C      59.72288469      56.79281445      63.04994314
H      59.14084898      55.33961491      61.72335527
C      61.12695135      58.86962367      62.48113552
H      61.81481171      59.43087238      60.62920374
C      61.83748843      60.62706914      64.26314744
H      63.04502354      62.24656459      63.88709190
C      60.83593348      60.40030198      66.68010739
H      61.42174865      61.80625836      68.05771787
C      59.01423732      58.45010442      67.34340133
H      58.34149475      58.35372838      69.28226052
C      58.62873315      56.64541580      65.42343939
C      57.51379463      54.10373390      66.17744019
H      56.24200882      53.50847012      64.66565914
H      59.02179622      52.76769740      66.62530533
H      56.43098146      54.13585925      67.93299594
 %endblock positions_abs
