 %block lattice_cart
   140.777   0.000   0.000
   0.000 144.511   0.000
   0.000   0.000   162.462
 %endblock lattice_cart

 %block positions_abs
C      60.81136704      57.54209093      68.90337040
H      61.69953841      58.95371648      70.10145688
C      59.58115522      55.76007901      70.20728156
H      59.86083472      55.51252487      72.22739898
C      58.08449197      53.95539039      68.91092931
H      56.96199455      52.48518331      69.80288013
C      57.85016591      54.08011232      66.25208438
H      56.70877122      52.67793540      65.27698561
C      59.25990175      55.93015438      64.87636363
H      59.56981686      55.93582356      62.84679757
C      60.69231430      57.74807110      66.24830493
C      62.21354398      59.61134124      64.72707525
H      63.53446266      60.65447017      65.92327200
H      63.16218659      58.64191164      63.17183049
H      61.06459038      60.94548802      63.64993125
 %endblock positions_abs
