 %block lattice_cart
   140.777   0.000   0.000
   0.000 144.511   0.000
   0.000   0.000   162.462
 %endblock lattice_cart

 %block positions_abs
C      59.70965662      56.42904213      64.34157107
H      59.28635792      54.96450424      62.96396060
C      61.64662609      58.13357526      63.84457305
H      62.88439682      57.83121905      62.23452624
C      62.22299261      60.15180297      65.48485550
H      63.89351067      61.32154355      65.22407327
C      60.72254992      60.53730713      67.49930374
H      61.19309177      62.20026629      68.61046282
C      58.55314411      59.01607745      67.96795588
H      57.36261652      59.29386722      69.61957668
C      58.14307350      56.97895249      66.45428510
C      55.85650466      55.30465497      67.01742354
H      56.34027460      53.70594651      68.23062784
H      54.52613734      56.42715240      68.12480315
H      54.77558121      54.55632335      65.42816371
 %endblock positions_abs
