 %block lattice_cart
   140.777   0.000   0.000
   0.000 144.511   0.000
   0.000   0.000   162.462
 %endblock lattice_cart

 %block positions_abs
C      59.07092911      55.13552447      70.98868339
H      58.88384620      56.25424245      72.69888570
C      58.35661256      52.58439395      70.82238747
H      57.27757885      51.61496435      72.27558701
C      58.54369547      51.36929993      68.62463577
H      57.85772482      49.44177909      68.44133232
C      59.60761138      52.53337134      66.51003203
H      59.73800250      51.73590683      64.62219544
C      60.41263479      55.08261213      66.68199712
H      61.00222941      56.09550544      64.99258180
C      60.12728612      56.38274384      68.86274129
C      60.90963281      59.08505246      68.90053581
H      60.78302116      59.91653204      70.78459295
H      62.75211597      59.41197512      68.03126171
H      59.56036822      59.80881764      67.51725615
 %endblock positions_abs
