 %block lattice_cart
   140.777   0.000   0.000
   0.000 144.511   0.000
   0.000   0.000   162.462
 %endblock lattice_cart

 %block positions_abs
C      57.02719011      56.92226069      66.35696419
H      56.12390093      57.76885808      67.99724663
C      56.71349554      54.24451851      66.13397649
H      55.79886801      53.32044235      67.72323632
C      57.72071967      52.97651215      64.09496180
H      57.77930118      50.92237966      64.03827001
C      58.92069587      54.46750622      62.19767658
H      59.78241107      53.52264306      60.59140921
C      59.42147335      57.01296756      62.60018828
H      60.52129406      58.10333964      61.25281342
C      58.31598345      58.19593623      64.54849611
C      58.48227937      61.12123256      64.86974958
H      57.18970657      62.15113340      63.63386857
H      57.84544160      61.50106755      66.79727042
H      60.46082282      61.65791483      64.63731325
 %endblock positions_abs
