 %block lattice_cart
   140.777   0.000   0.000
   0.000 144.511   0.000
   0.000   0.000   162.462
 %endblock lattice_cart

 %block positions_abs
C      61.36127741      55.88669068      65.11635886
H      61.13451025      54.22562126      63.92961074
C      62.85227147      58.02208141      64.47385192
H      63.80091408      58.02397114      62.65404548
C      62.95620642      60.07243447      66.07822957
H      64.09949083      61.69004018      65.53776783
C      61.69386924      60.02330157      68.37991621
H      61.56536784      61.72216553      69.52509036
C      60.08571215      58.00129442      68.91092930
H      58.89896401      57.94649236      70.58900626
C      60.03279981      55.76952764      67.30277222
C      58.44353998      53.61712937      68.20417167
H      57.27757885      53.14091834      66.56955840
H      59.55658878      51.90125788      68.48007171
H      57.30403501      54.13680411      69.84445410
 %endblock positions_abs
