 %block lattice_cart
   140.777   0.000   0.000
   0.000 144.511   0.000
   0.000   0.000   162.462
 %endblock lattice_cart

 %block positions_abs
C      59.51784938      56.71628053      69.13297214
H      59.18147810      57.92570537      70.76191623
C      58.62589856      54.23506989      69.01580911
H      57.61867444      53.44705400      70.62396621
C      59.11344795      52.74974500      66.94466907
H      58.26307111      50.88647486      66.79349097
C      60.51940433      53.61523965      65.00392015
H      61.02963043      52.43794015      63.39954251
C      61.60032778      56.09078112      65.14753935
H      62.66424370      56.86367918      63.56961788
C      61.10332976      57.55153956      67.29237872
C      62.44692517      59.87779265      67.67221370
H      62.23338611      60.48061535      69.63374962
H      64.47838096      59.57732617      67.47190272
H      61.67780656      61.39335315      66.50247312
 %endblock positions_abs
