 %block lattice_cart
   140.777   0.000   0.000
   0.000 144.511   0.000
   0.000   0.000   162.462
 %endblock lattice_cart

 %block positions_abs
C      58.89612942      55.57299611      66.33145289
H      58.55975814      56.97139358      67.79599078
C      58.00606833      53.12957999      66.51097689
H      57.01396202      52.65336896      68.24385591
C      58.60322186      51.36079616      64.68928073
H      58.01740669      49.43138559      65.07667462
C      59.87122820      51.98440584      62.43105777
H      60.27751936      50.44616863      61.13092608
C      60.88034205      54.44293978      62.28743857
H      61.89323536      55.17237413      60.65660476
C      60.37956458      56.22306196      64.26220258
C      61.57009216      58.97450348      64.30377655
H      60.95593111      59.90613855      62.56900780
H      61.09388113      60.07621392      65.98185351
H      63.62422466      58.77797194      64.28487929
 %endblock positions_abs
