 %block lattice_cart
   140.777   0.000   0.000
   0.000 144.511   0.000
   0.000   0.000   162.462
 %endblock lattice_cart

 %block positions_abs
C      62.12094738      56.13046538      66.44105701
H      62.00945352      54.42026306      65.30533150
C      63.29635714      58.28286365      65.52831920
H      64.16563125      58.50774108      63.68205660
C      63.35304893      60.42959274      66.93427558
H      64.25444838      62.14924368      66.26342274
C      62.35716317      60.48439480      69.32666909
H      62.44220085      62.26829644      70.33956240
C      61.27812944      58.37357051      70.25641444
H      60.38995807      58.31498899      72.10834623
C      61.04002393      56.15125237      68.83345052
C      60.02146144      53.70594652      69.99374248
H      60.05358679      53.83066845      72.05354416
H      58.04669745      53.56043759      69.41170678
H      61.19120203      52.14503258      69.32288964
 %endblock positions_abs
