 %block lattice_cart
   140.777   0.000   0.000
   0.000 144.511   0.000
   0.000   0.000   162.462
 %endblock lattice_cart

 %block positions_abs
C      58.16669507      55.37835430      68.87407964
H      57.69993267      56.00007425      70.77703404
C      57.42970182      52.96328407      68.18055009
H      56.52452291      51.72362361      69.54682221
C      58.10433410      51.87858116      65.92610660
H      57.50718059      49.95483978      65.52737434
C      59.44037060      53.36579577      64.20645565
H      59.80130834      52.57966963      62.34318551
C      60.11689262      55.80354272      64.65054133
H      61.32631747      56.83911274      63.35229936
C      59.66902750      56.74651615      67.10718554
C      61.01829208      59.12190212      67.80449455
H      61.40757569      58.98017265      69.82650171
H      62.87022386      59.43748642      66.95033826
H      59.76162409      60.63935235      67.18844377
 %endblock positions_abs
