 %block lattice_cart
   140.777   0.000   0.000
   0.000 144.511   0.000
   0.000   0.000   162.462
 %endblock lattice_cart

 %block positions_abs
C      55.71194059      55.99157049      65.91098879
H      56.40735988      57.84539200      66.45522997
C      54.09622459      54.64419563      67.55127122
H      53.37812860      55.46244712      69.29359888
C      53.59355740      52.16487470      66.95978688
H      52.38224283      51.10284852      68.23157270
C      54.57999453      50.98001631      64.76392492
H      54.16803419      49.02414957      64.28582416
C      56.05776051      52.44077475      63.11419384
H      56.82498939      51.72834793      61.34729973
C      56.70026745      54.94277238      63.77748778
C      58.42558758      56.36573630      61.95390189
H      59.47438568      57.86617899      62.90443422
H      59.67658640      54.94844156      61.12998122
H      57.42970181      57.08761175      60.29661190
 %endblock positions_abs
