 %block lattice_cart
   140.777   0.000   0.000
   0.000 144.511   0.000
   0.000   0.000   162.462
 %endblock lattice_cart

 %block positions_abs
C      59.55753364      53.31099371      62.38381462
H      59.88823574      51.79732294      61.03455003
C      60.22649675      55.78086600      61.67705698
H      60.92758522      56.06432495      59.76654368
C      59.32509730      57.67815122      63.18505858
H      59.58965899      59.66803303      62.75420098
C      57.93614846      57.34744912      65.34501575
H      57.38434838      58.95938566      66.49207963
C      57.29742097      54.80387750      66.14625971
H      56.25240232      54.37868908      67.86213120
C      58.03252451      52.94438681      64.53432317
C      57.62623335      50.24396791      65.38470001
H      58.99628493      49.77531578      66.85490708
H      55.77619129      50.19105557      66.30121727
H      57.75851419      48.92493894      63.80488881
 %endblock positions_abs
