 %block lattice_cart
   140.777   0.000   0.000
   0.000 144.511   0.000
   0.000   0.000   162.462
 %endblock lattice_cart

 %block positions_abs
C      58.86683867      53.55098896      63.68867064
H      58.62495371      52.04487709      62.31294988
C      60.58271017      55.50874541      63.24647468
H      61.63717745      55.67126187      61.49091894
C      61.02868558      57.34933884      65.11730373
H      62.26834604      58.91781169      64.64109270
C      59.83437855      57.26241143      67.44166710
H      60.51468002      58.39057804      69.01769884
C      58.16197076      55.24607346      67.90653977
H      57.13395965      54.95505560      69.66020579
C      57.64796520      53.50752525      66.00358537
C      56.12673552      51.34189889      66.78026289
H      56.41397392      50.44994808      68.61896659
H      54.16142015      51.96928803      66.75569645
H      56.22122184      49.83011785      65.37808596
 %endblock positions_abs
