 %block lattice_cart
   140.777   0.000   0.000
   0.000 144.511   0.000
   0.000   0.000   162.462
 %endblock lattice_cart

 %block positions_abs
C      60.48633412      55.11095803      62.27421049
H      60.69609374      53.66153794      60.83423904
C      62.18519809      57.15753162      62.34979954
H      63.73288394      57.17264943      60.99864523
C      61.97543846      59.04536821      64.21873887
H      63.21509892      60.67809174      64.11669366
C      59.92319569      58.96033053      65.92894118
H      59.86650390      60.47211158      67.31600030
C      58.12606596      56.96100009      65.82689597
H      56.38373830      57.10272956      66.90781942
C      58.50779068      55.07127377      64.01653816
C      56.75601439      52.80360220      63.96173609
H      55.98689578      52.31227336      65.81366789
H      55.13273948      53.05871525      62.71451672
H      57.76512824      51.11796633      63.33434696
 %endblock positions_abs
