 %block lattice_cart
   140.777   0.000   0.000
   0.000 144.511   0.000
   0.000   0.000   162.462
 %endblock lattice_cart

 %block positions_abs
C      59.48950349      58.30648522      65.40737672
H      59.99595014      56.59817264      64.38503479
C      60.63656736      60.57037735      64.86313554
H      61.92158126      60.51557528      63.26064763
C      59.92792000      62.76812905      66.17460560
H      60.82931945      64.50667726      65.55855483
C      58.43881566      62.68687082      68.36668813
H      57.98906080      64.30825599      69.54398762
C      57.73205802      60.21510880      69.20005743
H      56.70404691      59.82015600      70.93482619
C      58.14023890      58.04948245      67.64292295
C      56.95727023      55.63252249      68.43849773
H      57.61111554      54.30404489      66.99852628
H      57.68292514      55.13930392      70.30554732
H      54.89557882      55.65330948      68.55377103
 %endblock positions_abs
