 %block lattice_cart
   140.777   0.000   0.000
   0.000 144.511   0.000
   0.000   0.000   162.462
 %endblock lattice_cart

 %block positions_abs
C      58.87250785      54.51474938      69.02053343
H      57.74623097      55.32544197      70.53420420
C      58.68920440      51.90314762      68.46306416
H      57.47411038      50.55388303      69.42304513
C      60.07248406      50.80710635      66.49963852
H      59.94965185      48.79454783      66.10468572
C      61.48221989      52.42093263      64.97084994
H      62.49511319      51.75385924      63.31167023
C      61.70331787      55.02875494      65.45461987
H      63.14517904      56.00952289      64.36802724
C      60.34082520      56.14558318      67.50119347
C      60.77546225      58.92726032      68.09456753
H      62.74644679      59.26930078      68.59723474
H      60.29736149      60.38801876      66.71884678
H      59.66808263      59.53575218      69.72729107
 %endblock positions_abs
