 %block lattice_cart
   140.777   0.000   0.000
   0.000 144.511   0.000
   0.000   0.000   162.462
 %endblock lattice_cart

 %block positions_abs
C      60.88223178      55.69771805      69.63185990
H      61.07876332      56.74840588      71.38741563
C      59.82776450      53.25241220      69.46745370
H      59.12100686      52.38502782      71.19277383
C      60.38334403      51.82377910      67.47190271
H      59.87500766      49.83956647      67.32639380
C      61.35088391      52.86312858      65.28548937
H      61.64757094      51.72551334      63.59985350
C      62.01228812      55.40481048      65.23824622
H      62.86455468      56.25329758      63.57339733
C      61.83843330      56.81643603      67.46434382
C      63.01573279      59.41291999      67.37930613
H      65.02451186      59.23150625      66.94655880
H      62.34299022      60.82454553      66.03004155
H      63.15179308      60.18203859      69.28792970
 %endblock positions_abs
