 %block lattice_cart
   140.777   0.000   0.000
   0.000 144.511   0.000
   0.000   0.000   162.462
 %endblock lattice_cart

 %block positions_abs
C      61.03813421      54.30121030      63.39765278
H      61.27434999      52.98218133      61.84240803
C      62.30614056      56.57266133      63.60174322
H      63.75556064      56.99029085      62.20712520
C      61.81103227      58.32632736      65.45745446
H      62.78802077      60.12345708      65.62941956
C      59.94965185      57.75374027      67.27348145
H      59.70776688      59.05198225      68.84762347
C      58.76668318      55.50685569      67.23001774
H      57.55347888      54.87757683      68.76447552
C      59.29958600      53.75318968      65.30816608
C      58.06370499      51.26442011      65.22501813
H      56.03791838      51.42882631      65.58973531
H      58.30747968      50.49530151      63.32773291
H      58.72888865      49.98507541      66.70089438
 %endblock positions_abs
