 %block lattice_cart
   140.777   0.000   0.000
   0.000 144.511   0.000
   0.000   0.000   162.462
 %endblock lattice_cart

 %block positions_abs
C      59.82209532      55.53047727      66.82845091
H      59.43848088      56.65675416      68.50274842
C      58.90935751      52.98879538      66.45239537
H      57.90024366      52.12519046      68.02086821
C      59.53296720      51.71700957      64.28487929
H      58.86022463      49.83673188      63.80677853
C      60.75562012      52.98312620      62.34224064
H      60.77640711      52.19511033      60.44684515
C      61.65135039      55.44921903      62.63892767
H      62.35999776      56.46022261      61.00053496
C      61.31875856      56.61895963      64.94628350
C      62.22771692      59.37984977      65.55288565
H      63.61666576      60.00345945      64.16015735
H      60.79719410      60.86895411      65.56611373
H      62.97037936      59.25323811      67.47473731
 %endblock positions_abs
