 %block lattice_cart
   140.777   0.000   0.000
   0.000 144.511   0.000
   0.000   0.000   162.462
 %endblock lattice_cart

 %block positions_abs
C      57.95221113      56.95344118      65.72107129
H      56.88262604      55.27158476      66.22562821
C      58.77613180      57.20477478      63.23041201
H      58.45298860      55.71189099      61.85658098
C      60.18586764      59.27213537      62.38192489
H      60.78680060      59.44221074      60.42605816
C      60.86427938      61.11083907      64.13559091
H      61.61072127      62.83426947      63.30033188
C      60.17641900      60.96344042      66.65648581
H      60.68286566      62.49411873      67.92827162
C      58.80447770      58.82804968      67.44450169
C      57.82937893      58.63718733      70.11090551
H      58.64952014      59.85417107      71.56410505
H      55.78280532      58.85828530      70.25074526
H      58.36984065      56.73423293      70.69672067
 %endblock positions_abs
