 %block lattice_cart
   140.777   0.000   0.000
   0.000 144.511   0.000
   0.000   0.000   162.462
 %endblock lattice_cart

 %block positions_abs
C      60.21893785      58.55592909      63.16238187
H      60.73294341      56.86462404      62.11547348
C      61.18458800      60.97288905      62.54444136
H      62.76817865      61.29792197      61.27643500
C      60.26429128      63.11772842      63.81055799
H      61.17324964      64.93564512      63.50442232
C      58.18370261      62.93631468      65.48296577
H      57.47127579      64.69564988      66.26909192
C      57.05742573      60.54203145      65.83823433
H      55.25462683      60.40408143      66.81522283
C      58.31976291      58.44821470      64.87069444
C      57.10088943      55.80070812      65.26375753
H      56.37145508      55.79503895      67.19127837
H      55.59288784      55.40953479      63.90882376
H      58.51440472      54.30026544      65.16927121
 %endblock positions_abs
