 %block lattice_cart
   140.777   0.000   0.000
   0.000 144.511   0.000
   0.000   0.000   162.462
 %endblock lattice_cart

 %block positions_abs
C      59.69737338      56.96194495      63.70756790
H      59.83343369      55.31977279      62.47924580
C      61.08821196      59.18048364      63.22190824
H      62.23527583      59.36756655      61.52871346
C      60.85388590      61.16091682      64.90754411
H      61.83465385      62.91836229      64.50314268
C      59.19659592      61.08154831      67.02970676
H      58.73361296      62.80875816      68.04448979
C      57.75662447      58.91025278      67.33962187
H      56.60200169      58.84033291      69.03659610
C      58.20259988      56.82588466      65.90531960
C      56.73995171      54.42971169      66.53459847
H      54.71227538      54.74340626      66.75569644
H      56.89868872      52.89147447      65.16643661
H      57.52796758      53.76263830      68.32038983
 %endblock positions_abs
