 %block lattice_cart
   140.777   0.000   0.000
   0.000 144.511   0.000
   0.000   0.000   162.462
 %endblock lattice_cart

 %block positions_abs
C      59.71154633      56.56415757      64.87352904
H      59.05959075      55.09584021      63.59607404
C      60.83404376      58.66742294      63.74347271
H      61.32537260      58.89041065      61.75926008
C      61.37261576      60.69887873      65.37997569
H      62.34393508      62.32593309      64.58629063
C      60.74522662      60.68376093      67.90653976
H      60.93041980      62.40908104      69.00258103
C      59.28446818      58.73545309      68.87785909
H      58.54747492      58.66931268      70.79404157
C      58.96510443      56.57549592      67.40765202
C      57.51190490      54.36451614      68.34684599
H      58.16008103      53.91098181      70.25357984
H      55.45966212      54.57427576      68.30338229
H      57.82370974      52.64108574      67.25458419
 %endblock positions_abs
