 %block lattice_cart
   140.777   0.000   0.000
   0.000 144.511   0.000
   0.000   0.000   162.462
 %endblock lattice_cart

 %block positions_abs
C      58.50306635      55.90369822      69.20856120
H      57.78308063      56.79753876      70.91309433
C      57.79630871      53.47351018      68.79093169
H      56.38090370      52.45305797      69.87374486
C      58.62022939      52.02597982      66.66121014
H      58.26307111      50.00586239      66.56483409
C      60.28885772      53.34689852      64.90376466
H      61.12411675      52.46061688      63.25025413
C      60.94459275      55.78275573      65.40265240
H      62.34487995      56.50463118      64.08362343
C      59.98083233      57.16792512      67.37741641
C      60.59877283      59.94015362      67.93866511
H      58.80353284      60.93792912      67.75158221
H      61.36600172      60.30676053      69.81894279
H      61.65701957      60.83777362      66.41176626
 %endblock positions_abs
