 %block lattice_cart
   140.777   0.000   0.000
   0.000 144.511   0.000
   0.000   0.000   162.462
 %endblock lattice_cart

 %block positions_abs
C      59.70682202      56.71628052      65.32800821
H      59.39123772      55.03064465      64.19606216
C      61.28852294      58.67403699      64.48708000
H      62.34865940      58.44349037      62.74097289
C      61.47371611      60.81698662      66.00641997
H      62.74550192      62.30987041      65.39981782
C      60.25673237      61.01729761      68.23440729
H      60.66491325      62.70293348      69.33989717
C      58.66369309      59.10678431      69.11313003
H      57.60544635      59.18804254      70.87057549
C      58.35944715      56.88068671      67.64481267
C      56.90624762      54.70372200      68.55566075
H      55.33399532      54.57144116      67.22718316
H      57.86244913      52.87446694      68.61802172
H      56.24106395      55.07032891      70.47562269
 %endblock positions_abs
