 %block lattice_cart
   140.777   0.000   0.000
   0.000 144.511   0.000
   0.000   0.000   162.462
 %endblock lattice_cart

 %block positions_abs
C      58.85739004      56.42337295      68.54054295
H      57.54780971      57.10556416      69.96728631
C      58.49078314      53.87791161      68.00952985
H      57.03947333      52.88580529      69.06966632
C      60.03279981      52.64769977      66.20484122
H      59.97043884      50.60679537      65.95917680
C      62.00945353      54.06121506      65.03699036
H      63.21320919      53.10690328      63.67071824
C      62.50645155      56.51030036      65.72674047
H      63.96154081      57.63846698      64.81778211
C      60.88695610      57.76696836      67.54843663
C      61.49922743      60.40880575      68.33645251
H      62.00945353      61.45949358      66.63569882
H      59.91185732      61.23272642      69.36635335
H      63.18297357      60.38423931      69.52698008
 %endblock positions_abs
