 %block lattice_cart
   140.777   0.000   0.000
   0.000 144.511   0.000
   0.000   0.000   162.462
 %endblock lattice_cart

 %block positions_abs
C      60.18964709      53.41965297      64.68833586
H      60.46176768      51.68677395      63.62253021
C      60.49389303      55.81204649      63.73402407
H      61.25545272      55.99157049      61.83484913
C      59.93075459      57.91153242      65.20801060
H      60.26334642      59.82204572      64.52959884
C      58.98400170      57.51280017      67.66465480
H      58.73455783      59.17575933      68.84573374
C      58.48700367      55.13930393      68.59628987
H      57.53836107      54.93521348      70.40664768
C      59.04636267      53.11540704      67.00325059
C      58.21866255      50.50569500      68.11440966
H      56.84483152      50.56427652      69.65075715
H      57.71977480      49.45689691      66.40987653
H      60.01768200      49.58350856      68.52637000
 %endblock positions_abs
