 %block lattice_cart
   140.777   0.000   0.000
   0.000 144.511   0.000
   0.000   0.000   162.462
 %endblock lattice_cart

 %block positions_abs
C      58.26212625      55.91598143      66.25019466
H      57.43631585      54.04137293      66.11035491
C      59.64351619      56.94210282      64.20173133
H      59.52635316      55.97645268      62.39326325
C      60.98144242      59.11717781      64.53621289
H      62.09260149      59.97133410      63.03765993
C      60.72632936      60.54959035      66.72451596
H      61.63150827      62.37317624      66.98151874
C      59.28446819      59.49701280      68.62180118
H      59.24100447      60.45132458      70.43971789
C      58.10905842      57.27658438      68.45739499
C      56.82782398      56.30715478      70.87813440
H      56.46499653      57.86617899      72.18015583
H      55.07226824      55.35662244      70.35468021
H      58.12984540      54.95977992      71.74173932
 %endblock positions_abs
