 %block lattice_cart
   140.777   0.000   0.000
   0.000 144.511   0.000
   0.000   0.000   162.462
 %endblock lattice_cart

 %block positions_abs
C      58.50495607      57.50996559      63.91638267
H      58.66369309      56.55376407      62.10602486
C      59.66902749      59.85700567      64.29621766
H      60.33232143      60.80375855      62.59546397
C      59.35155346      61.06265105      66.61680157
H      59.80508778      63.04686368      66.89270160
C      57.97772244      59.83054949      68.50652788
H      57.70560185      60.80753800      70.29231925
C      57.05364626      57.42303818      68.27976072
H      55.90469266      56.55376407      69.74618833
C      57.24261890      56.26085649      65.86280077
C      56.34121945      53.54720950      65.30911095
H      55.77241183      53.46595128      63.32678805
H      57.82465461      52.18849628      65.76831445
H      54.63101714      52.99729914      66.32200426
 %endblock positions_abs
