 %block lattice_cart
   140.777   0.000   0.000
   0.000 144.511   0.000
   0.000   0.000   162.462
 %endblock lattice_cart

 %block positions_abs
C      62.52345908      57.17264943      66.28043028
H      63.00533929      55.37362999      65.41493562
C      63.14517904      59.52913814      65.15226367
H      64.08437302      59.45732855      63.32678805
C      62.47432620      61.77980219      66.22373849
H      63.18297357      63.54480657      65.44706097
C      61.05892119      61.68909532      68.45739499
H      60.26901559      63.42764354      69.21706497
C      60.38050945      59.45165936      69.58934105
H      59.32793189      59.53858677      71.35056597
C      61.09671572      57.19910560      68.48196143
C      60.23122107      54.63285727      69.50430337
H      58.67597631      53.54815437      68.68983133
H      61.70142814      53.20611391      69.24919031
H      59.74745113      54.48734835      71.50552353
 %endblock positions_abs
