 %block lattice_cart
   140.777   0.000   0.000
   0.000 144.511   0.000
   0.000   0.000   162.462
 %endblock lattice_cart

 %block positions_abs
C      60.88223178      56.43376644      65.99697133
H      61.11088867      55.98590130      64.00519979
C      62.40535119      58.41608935      66.75475158
H      63.44470066      59.60472720      65.44139179
C      62.29574707      59.28914289      69.17171153
H      63.46926711      60.91997671      69.60445886
C      60.76317903      57.98901120      70.85356795
H      60.66113381      58.46711196      72.84911894
C      59.27407469      55.90842253      70.09011852
H      58.19882042      54.99757444      71.58489204
C      59.34399457      55.03536897      67.57867225
C      57.48261415      53.09462004      66.60357347
H      57.84544160      51.09528961      66.96451120
H      55.65524880      53.31193857      67.53709827
H      57.21427301      53.51791874      64.60424304
 %endblock positions_abs
