 %block lattice_cart
   140.777   0.000   0.000
   0.000 144.511   0.000
   0.000   0.000   162.462
 %endblock lattice_cart

 %block positions_abs
C      61.43686645      59.57260185      67.85646202
H      62.11716793      61.50012270      68.06244219
C      60.21043408      58.32727222      69.80665958
H      59.74178195      59.27969427      71.56599477
C      59.65863399      55.75913415      69.56477461
H      58.84038250      54.57616547      71.03309195
C      60.16130119      54.42309764      67.44072223
H      59.73611277      52.42943638      67.16860164
C      61.26112191      55.64008139      65.38470000
H      61.48977879      54.48923806      63.69906413
C      61.84504734      58.18743247      65.61335689
C      62.99778039      59.65197035      63.38914902
H      64.27145592      61.17131031      63.96551554
H      63.79524489      58.38396400      61.97185428
H      61.56347812      60.75557052      62.39326325
 %endblock positions_abs
