 %block lattice_cart
   140.777   0.000   0.000
   0.000 144.511   0.000
   0.000   0.000   162.462
 %endblock lattice_cart

 %block positions_abs
C      60.12067209      59.42614806      67.20450645
H      60.50428653      61.41414014      67.55410581
C      58.64101638      58.09956019      69.02053343
H      57.93614847      58.95938566      70.74774328
C      58.08354712      55.57299611      68.32322442
H      56.86089420      54.49585211      69.57044379
C      59.31753840      54.24829797      66.42593920
H      58.95093150      52.23762917      66.23318712
C      60.75750985      55.62968790      64.71951634
H      61.61733533      54.62813295      63.14726405
C      61.04096880      58.17325952      65.09935133
C      62.58298547      59.72472482      63.22663256
H      64.48782959      59.98172760      63.98630253
H      62.73605330      58.56443286      61.52587888
H      61.65701958      61.46138330      62.61058178
 %endblock positions_abs
