 %block lattice_cart
   140.777   0.000   0.000
   0.000 144.511   0.000
   0.000   0.000   162.462
 %endblock lattice_cart

 %block positions_abs
C      58.51723930      51.95700481      66.94939340
H      57.27001994      51.60551572      68.54432240
C      58.94809690      50.19955934      65.01809310
H      57.94087277      48.42699606      64.77053895
C      60.75845471      50.79482313      63.21907366
H      61.39529247      49.48335307      61.76965356
C      62.10016039      53.08139197      63.37025175
H      63.59871336      53.38752763      61.99831045
C      61.62205963      54.88608059      65.21462463
H      62.70865226      56.62273908      65.34690547
C      59.83626827      54.25302228      67.11568931
C      59.67564153      55.86495882      69.51375199
H      60.92853007      55.09772994      70.96317208
H      60.23311079      57.77925158      68.99218753
H      57.74245151      55.89897390      70.23373772
 %endblock positions_abs
