 %block lattice_cart
   140.777   0.000   0.000
   0.000 144.511   0.000
   0.000   0.000   162.462
 %endblock lattice_cart

 %block positions_abs
C      60.51468002      52.89147447      66.76042075
H      60.94175817      50.88647485      66.88514269
C      61.56347813      54.46561649      64.88392253
H      62.67841665      53.54343005      63.42694355
C      60.66963758      56.97706276      64.64203756
H      61.52190415      58.26774583      63.29088325
C      59.26935038      57.93515400      66.60168375
H      58.52479822      59.81165223      66.22184875
C      58.29803106      56.49140310      68.54243268
H      56.97900209      57.31910322      69.88413835
C      58.85739005      53.87224243      68.54243268
C      57.39474188      52.15259148      70.32255485
H      56.02280058      50.98663035      69.31533073
H      58.56637219      50.73529675      71.25607965
H      56.43854037      53.09934437      71.89102769
 %endblock positions_abs
