 %block lattice_cart
   140.777   0.000   0.000
   0.000 144.511   0.000
   0.000   0.000   162.462
 %endblock lattice_cart

 %block positions_abs
C      57.88418099      54.29932057      67.10057149
H      57.47033092      52.32266685      67.46717840
C      58.96132498      55.11379261      64.85935609
H      59.37328532      53.64358554      63.48363534
C      59.58304494      57.66870259      64.65904509
H      60.59782798      58.27908418      62.97718869
C      58.76479346      59.36000764      66.45428509
H      58.86116949      61.36689698      66.02342749
C      57.64607547      58.47939517      68.65392653
H      56.71255068      59.75685016      69.96350686
C      57.14340827      55.95661055      68.96006218
C      55.75067998      54.98718095      71.36568379
H      56.21177321      56.18715716      72.97762033
H      53.76646735      54.79064941      70.83089123
H      56.69932259      53.20327931      71.78142358
 %endblock positions_abs
