 %block lattice_cart
   140.777   0.000   0.000
   0.000 144.511   0.000
   0.000   0.000   162.462
 %endblock lattice_cart

 %block positions_abs
C      59.15880139      55.98023213      64.49558377
H      60.73861258      56.99123571      63.65276584
C      58.37645469      56.86651377      66.80671906
H      59.30620004      58.56915718      67.48513080
C      56.47350030      55.56827180      68.02181308
H      55.59099811      56.18432257      69.77169964
C      55.48895289      53.35162283      67.02970676
H      54.15291638      52.35384734      68.22968297
C      56.25618177      52.40864940      64.75258655
H      55.43037137      50.58695323      64.28582415
C      58.04197314      53.88263592      63.37686580
C      59.06242535      53.10028923      60.77471266
H      57.62056417      52.83194809      59.31962340
H      60.21137894      54.61773946      59.98291734
H      60.16791524      51.36174102      60.90132433
 %endblock positions_abs
