 %block lattice_cart
   140.777   0.000   0.000
   0.000 144.511   0.000
   0.000   0.000   162.462
 %endblock lattice_cart

 %block positions_abs
C      62.22866178      58.36884619      66.16137752
H      63.46643252      59.89574505      65.56422400
C      61.22521711      58.48600922      68.59156556
H      61.75434047      59.98834164      69.88791781
C      59.52446343      56.47911988      69.31155128
H      58.68920439      56.35250822      71.18427006
C      59.09927501      54.54970931      67.58245171
H      57.99567485      52.86785290      67.99630177
C      60.20665462      54.37774422      65.26753697
H      60.08760188      52.71856452      64.06567104
C      61.66552335      56.34872876      64.49841836
C      62.90707354      56.15030750      61.96240565
H      64.83648410      55.50213138      62.28932830
H      62.10393984      54.70088742      60.73408355
H      63.16974548      57.91342215      60.92305618
 %endblock positions_abs
