 %block lattice_cart
   140.777   0.000   0.000
   0.000 144.511   0.000
   0.000   0.000   162.462
 %endblock lattice_cart

 %block positions_abs
C      62.01606758      56.21833764      62.60963691
H      63.02140197      56.14085886      60.82006610
C      62.86266497      57.96066530      64.26692689
H      64.55019057      59.02458122      63.77748777
C      61.31308938      58.54459073      66.42499433
H      61.71938054      60.08093823      67.72701577
C      59.03030001      57.11217819      66.81805741
H      57.88701559      57.63374265      68.44133231
C      58.20637933      55.57772042      64.96234617
H      56.46783111      54.48167916      65.02848660
C      59.67847612      55.04481760      62.87041914
C      58.79408421      53.07194333      60.93533940
H      56.92703461      53.47823449      60.15110298
H      60.06209056      52.67699053      59.35552820
H      58.41046976      51.28426224      61.89154091
 %endblock positions_abs
