 %block lattice_cart
   140.777   0.000   0.000
   0.000 144.511   0.000
   0.000   0.000   162.462
 %endblock lattice_cart

 %block positions_abs
C      60.39846186      55.67693105      66.40893166
H      60.07531865      53.68515952      66.79254610
C      62.21259911      56.51219008      64.72140606
H      63.09132184      55.08166726      63.53843740
C      62.90612866      59.15591720      64.40582177
H      64.38956382      59.70771728      63.09813116
C      61.22616197      60.85667088      65.72485074
H      61.42080378      62.85789104      65.30722123
C      59.48950350      59.97416869      67.48418593
H      58.51629444      61.32154355      68.68983133
C      59.05864589      57.40036145      67.84890311
C      57.11600724      56.53675653      69.93705069
H      56.95915996      58.03908894      71.34300708
H      55.21116312      56.45549829      69.14714509
H      57.51473950      54.71695009      70.82711178
 %endblock positions_abs
