 %block lattice_cart
   140.777   0.000   0.000
   0.000 144.511   0.000
   0.000   0.000   162.462
 %endblock lattice_cart

 %block positions_abs
C      63.08848726      59.17386960      63.58662542
H      63.96909972      57.42020358      62.98380273
C      63.75178120      61.41508500      62.28838344
H      65.10293551      61.46421789      60.74447704
C      62.51023101      63.72055110      62.96490547
H      63.03368520      65.25500887      61.70256828
C      60.81703623      63.76590454      64.97935372
H      59.73800251      65.44398150      65.47068255
C      60.26523615      61.52846858      66.28326486
H      59.06148049      61.60216791      67.94433429
C      61.46143290      59.28536345      65.64642711
C      60.64885059      56.85706514      67.02214786
H      59.02368596      57.14619326      68.26180831
H      60.01012310      55.71189099      65.43099831
H      62.23055151      55.91031225      67.94811375
 %endblock positions_abs
