 %block lattice_cart
   140.777   0.000   0.000
   0.000 144.511   0.000
   0.000   0.000   162.462
 %endblock lattice_cart

 %block positions_abs
C      60.64129168      57.17642889      66.88325297
H      61.17608422      58.70899693      68.14181070
C      59.36761614      55.07127378      67.88102846
H      58.77424208      54.93332375      69.84067466
C      58.88762566      52.96611866      66.42404948
H      57.97677758      51.30504923      67.21584481
C      59.67564153      53.21178308      63.88803676
H      59.45265383      51.57528010      62.66538384
C      60.83215404      55.31126902      62.80144413
H      61.17797395      55.32071765      60.77754725
C      61.13451025      57.39563714      64.37558616
C      62.12850629      59.90330396      63.34568531
H      60.73199854      60.96910960      62.26098241
H      62.91652216      61.05225756      64.86880472
H      63.98043807      59.51591006      62.51798519
 %endblock positions_abs
