 %block lattice_cart
   140.777   0.000   0.000
   0.000 144.511   0.000
   0.000   0.000   162.462
 %endblock lattice_cart

 %block positions_abs
C      60.41830397      56.00857802      63.90315457
H      60.19153682      54.52325314      62.50286738
C      62.10393984      58.01357764      63.45339971
H      63.30391605      58.11373314      61.78855083
C      62.26834603      60.07337932      65.12391777
H      63.63839761      61.59838846      65.01431365
C      60.73577799      60.07337932      67.25174960
H      60.88317665      61.64374189      68.57077857
C      59.06903939      58.10617423      67.71851200
H      57.91819606      58.23467562      69.41359650
C      58.90652292      56.03125474      66.09523710
C      57.00167880      54.03948321      66.41838030
H      57.34560899      52.21967677      65.50942194
H      56.55381366      53.66153794      68.39503402
H      55.29903539      54.87474224      65.60390826
 %endblock positions_abs
