 %block lattice_cart
   140.777   0.000   0.000
   0.000 144.511   0.000
   0.000   0.000   162.462
 %endblock lattice_cart

 %block positions_abs
C      59.34210483      60.86706437      66.77270397
H      60.28318854      62.55081051      67.47757189
C      58.25551220      59.11150863      68.48101657
H      58.20826905      59.52346896      70.49546481
C      57.21238328      56.81927061      67.61741165
H      56.27885848      55.50402109      68.89108717
C      57.24450863      56.25613217      65.00203042
H      56.11634202      54.64608535      64.40676663
C      58.59566294      57.84539200      63.35607880
H      58.75628968      57.43532139      61.34918946
C      59.57454117      60.09038686      64.21212482
C      61.09199140      61.73444875      62.53404785
H      60.56097831      63.69787439      62.88553695
H      63.07431430      61.36406239      62.97813354
H      60.89168041      61.37351102      60.51204070
 %endblock positions_abs
