 %block lattice_cart
   140.777   0.000   0.000
   0.000 144.511   0.000
   0.000   0.000   162.462
 %endblock lattice_cart

 %block positions_abs
C      58.93486882      56.68415518      68.24196620
H      58.31503859      58.16003143      69.53075954
C      57.77268713      54.38813771      68.14370043
H      56.24389855      53.86657324      69.41359651
C      58.87439757      52.57777990      66.53176387
H      57.92764469      50.75419401      66.53554333
C      60.91719172      53.01430668      65.05966707
H      61.91496721      51.66126264      63.87858814
C      62.07748367      55.38780293      65.26942671
H      63.78012708      56.07188385      64.34724026
C      61.06081092      57.19060183      66.87947352
C      62.37606043      59.86834401      67.05521806
H      62.52723854      60.36534203      69.05265877
H      64.17885933      59.71149673      66.06122203
H      61.17986368      61.23839559      66.08011928
 %endblock positions_abs
