 %block lattice_cart
   140.777   0.000   0.000
   0.000 144.511   0.000
   0.000   0.000   162.462
 %endblock lattice_cart

 %block positions_abs
C      58.31409372      54.64514050      69.19155366
H      58.05142177      55.32355223      71.11340532
C      57.92103065      52.14881204      68.52825973
H      57.11789696      50.85057006      69.90209076
C      58.53141225      51.33433999      66.01492373
H      58.21771768      49.35201708      65.57461750
C      59.49139321      52.96706353      64.22346319
H      59.56320281      52.36991000      62.26003755
C      59.71249119      55.45583308      64.89809548
H      60.08665700      56.69927300      63.30505620
C      59.39312744      56.30620991      67.42088011
C      59.72382955      59.12379185      68.13330693
H      57.98906080      60.03463994      68.77959333
H      60.85766534      59.19749117      69.85673732
H      60.71971532      59.98739677      66.54782655
 %endblock positions_abs
