 %block lattice_cart
   140.777   0.000   0.000
   0.000 144.511   0.000
   0.000   0.000   162.462
 %endblock lattice_cart

 %block positions_abs
C      61.45481885      56.63029798      64.53810262
H      62.26740117      55.44354986      63.07167500
C      62.36188748      59.00379423      65.12958695
H      63.82075620      59.96188547      64.04677378
C      61.01640235      60.47211158      66.77175912
H      61.61922505      62.39207351      67.18938864
C      58.86778353      59.39118813      67.89992573
H      57.85111077      60.31904375      69.42304514
C      58.01929643      56.86651377      67.31789003
H      56.31854273      56.06715954      68.14747988
C      59.35533292      55.52669782      65.48863495
C      58.65235473      52.72234397      64.96518077
H      58.69959789      51.67921504      66.74530295
H      56.62467840      52.56738641      64.61936085
H      59.84477203      52.07416784      63.40804628
 %endblock positions_abs
