 %block lattice_cart
   140.777   0.000   0.000
   0.000 144.511   0.000
   0.000   0.000   162.462
 %endblock lattice_cart

 %block positions_abs
C      56.83727262      56.43282158      68.18810898
H      57.68575973      58.29609172      68.36574326
C      55.44076487      55.19127140      69.99090789
H      54.85305999      56.10967838      71.73134582
C      54.69054353      52.81399569      69.55438111
H      53.63229679      51.81999965      71.00947037
C      55.38218336      51.50063590      67.29048900
H      54.67920517      49.60524041      66.92388209
C      56.86183906      52.72328883      65.60674284
H      57.57048643      51.54409962      64.08173371
C      57.63851658      55.22717619      66.04326962
C      58.95754554      56.58588941      63.92299670
H      57.96732895      56.65202984      62.11452861
H      59.39029287      58.50396162      64.55227557
H      60.72821910      55.65614406      63.41655005
 %endblock positions_abs
