 %block lattice_cart
   140.777   0.000   0.000
   0.000 144.511   0.000
   0.000   0.000   162.462
 %endblock lattice_cart

 %block positions_abs
C      58.72416433      53.05210121      64.28676902
H      58.51818417      51.27197902      63.28332435
C      60.26240155      54.97206314      63.27387572
H      61.11277839      54.79253914      61.41249529
C      60.62711873      57.20005047      64.62125058
H      61.86677919      58.58333013      63.74630730
C      59.48005486      57.59122381      66.96829066
H      59.63690215      59.29575695      68.10401617
C      57.96827381      55.59945228      67.90181546
H      57.07632299      55.79220436      69.74051916
C      57.55631347      53.33367043      66.60357348
C      56.05209134      51.11891119      67.69583529
H      56.32799137      49.32367119      66.71506733
H      56.29775575      50.72206867      69.70650409
H      54.09622459      51.71228525      67.42182498
 %endblock positions_abs
