 %block lattice_cart
   140.777   0.000   0.000
   0.000 144.511   0.000
   0.000   0.000   162.462
 %endblock lattice_cart

 %block positions_abs
C      61.35088390      60.20282558      63.93527993
H      61.97449359      58.28853282      64.35668890
C      61.94047851      61.79019569      61.86980906
H      63.05730676      61.15335792      60.26921087
C      61.07120441      64.28085497      61.81122754
H      61.52284900      65.55830995      60.26921087
C      59.90902273      65.37689622      63.82567579
H      59.36100210      67.34788076      63.63859290
C      59.17769864      63.79897475      65.79855007
H      57.98906079      64.42636389      67.35190510
C      59.85233094      61.27619012      65.81366788
C      59.05297671      59.44126587      67.88858737
H      58.72416433      57.48917859      67.30277222
H      60.50617624      59.37512545      69.35123554
H      57.42592235      60.27274545      68.84856834
 %endblock positions_abs
