 %block lattice_cart
   140.777   0.000   0.000
   0.000 144.511   0.000
   0.000   0.000   162.462
 %endblock lattice_cart

 %block positions_abs
C      62.94770264      55.83188862      63.78788128
H      62.55274984      54.28987194      62.49152903
C      64.47082205      57.72728411      63.02632157
H      65.30608108      57.69326903      61.15171306
C      64.78451662      59.86834402      64.60424303
H      65.97693392      61.40091206      63.93527993
C      63.07431430      60.04597829      66.59034539
H      62.96471018      61.85444638      67.55788527
C      61.42647296      58.14302390      67.20639618
H      59.93169945      58.31876844      68.60479365
C      61.56442298      55.81488108      65.97996380
C      59.86744875      53.51886361      66.77553857
H      60.76317902      51.76708732      66.15192889
H      59.43848088      53.25430192      68.77675874
H      58.04008341      53.82310955      65.86469050
 %endblock positions_abs
