 %block lattice_cart
   140.777   0.000   0.000
   0.000 144.511   0.000
   0.000   0.000   162.462
 %endblock lattice_cart

 %block positions_abs
C      59.96854911      59.72283510      64.81116807
H      59.65485455      59.12946103      62.87041914
C      61.60883155      61.73728335      65.38186541
H      62.58582006      62.61222662      63.80016449
C      62.14551383      62.29097316      67.95000348
H      63.52879349      63.75929050      68.33928710
C      60.86994857      61.07965859      69.85484759
H      61.38773358      61.72027580      71.73701500
C      59.07470857      59.19182200      69.29737833
H      58.22622145      57.99751498      70.73734978
C      58.81392634      58.39624723      66.74435809
C      57.33805009      56.03408934      66.01114427
H      58.42653244      54.98529122      64.60707763
H      57.15285691      54.88324601      67.71189795
H      55.45966213      56.45738803      65.26470238
 %endblock positions_abs
