 %block lattice_cart
   140.777   0.000   0.000
   0.000 144.511   0.000
   0.000   0.000   162.462
 %endblock lattice_cart

 %block positions_abs
C      59.18336782      57.15091758      60.91360754
H      58.16480534      55.82055026      59.72307997
C      60.34932896      59.17670419      59.71930052
H      59.94114807      59.46772204      57.72752898
C      61.72504971      60.88501678      61.19706650
H      62.76439919      62.41002591      60.29566705
C      62.04630319      60.51652014      63.73307920
H      63.18769788      61.77696760      64.88770199
C      60.72349477      58.61356575      64.87636362
H      60.97482837      58.42648284      66.90592968
C      59.39123772      56.93359906      63.51765040
C      58.20259987      54.70561173      64.83478965
H      57.29175178      55.15347687      66.63380910
H      56.74940033      53.77019721      63.71040249
H      59.53863637      53.20705877      65.30722123
 %endblock positions_abs
