 %block lattice_cart
   140.777   0.000   0.000
   0.000 144.511   0.000
   0.000   0.000   162.462
 %endblock lattice_cart

 %block positions_abs
C      60.20854435      60.04314371      67.18088487
H      60.28413340      62.09349676      67.08639855
C      59.56414768      58.67876130      69.42210027
H      59.09171610      59.76346421      71.10206697
C      59.17675379      56.14274860      69.34273177
H      58.61361534      55.14875256      71.05104436
C      59.88351143      54.78403538      67.19033350
H      59.71721551      52.74502069      67.35851914
C      60.76412389      56.05204172      65.07006058
H      61.35560822      54.99190526      63.41277060
C      60.94553761      58.73356336      65.07195030
C      61.82048090      60.26235195      62.81561708
H      61.10427462      59.34394497      61.11108395
H      60.83782321      62.06515085      62.59451911
H      63.85760586      60.55148008      62.65876980
 %endblock positions_abs
