 %block lattice_cart
   140.777   0.000   0.000
   0.000 144.511   0.000
   0.000   0.000   162.462
 %endblock lattice_cart

 %block positions_abs
C      60.49105844      53.49902149      69.12163379
H      60.17358442      55.48701356      69.53359412
C      61.62489423      52.00424797      70.91876351
H      62.01417785      52.58817341      72.85006380
C      62.10110526      49.49091198      70.21578532
H      62.56975738      48.23235424      71.77103008
C      61.28096404      48.44400359      67.93299594
H      61.75717507      46.45979096      67.71000823
C      60.14523852      50.00869699      66.17366074
H      59.52540829      49.08084136      64.45023034
C      59.73327819      52.53904051      66.74246836
C      58.36511634      54.35884696      64.87163931
H      59.57454118      54.87852170      63.28048975
H      56.67570101      53.45555778      64.10252070
H      57.78874981      56.13141024      65.75414150
 %endblock positions_abs
