 %block lattice_cart
   140.777   0.000   0.000
   0.000 144.511   0.000
   0.000   0.000   162.462
 %endblock lattice_cart

 %block positions_abs
C      61.67875143      55.47756493      64.68550127
H      61.41041029      53.73523728      63.63103399
C      63.37005648      57.29548165      64.04488405
H      64.56058405      56.96288981      62.40271189
C      63.95020245      59.38551895      65.59823908
H      65.55458009      60.56659790      65.10313079
C      62.39684742      60.00156972      67.67693802
H      62.65573993      61.76090492      68.70494914
C      60.48255467      58.33294139      68.25519428
H      59.45265383      58.71466610      69.98996303
C      60.18397791      56.00290885      66.92104750
C      58.13740432      54.19444076      67.76953461
H      58.78369071      52.23668430      67.83756476
H      57.08671649      54.62907782      69.49107529
H      56.71633013      54.28703736      66.27476110
 %endblock positions_abs
