 %block lattice_cart
   140.777   0.000   0.000
   0.000 144.511   0.000
   0.000   0.000   162.462
 %endblock lattice_cart

 %block positions_abs
C      58.11850705      56.25235272      68.22873811
H      57.40419050      57.14241381      69.93894042
C      57.90118852      53.67665575      67.81110859
H      56.75979383      52.53337133      69.07722522
C      59.29958600      52.66754190      65.79666034
H      59.34682915      50.61718885      65.65682060
C      60.51468001      54.23979420      63.96173609
H      61.62205963      53.38941735      62.45562422
C      60.59593824      56.73990211      64.35101971
H      61.91874667      57.76035432      63.15671268
C      59.78146621      57.63941184      66.76797967
C      60.54491563      60.23967525      67.52575992
H      59.59249357      61.73255903      66.46373373
H      60.32759711      60.43431705      69.56855406
H      62.55936388      60.41541978      67.11757904
 %endblock positions_abs
