 %block lattice_cart
   140.777   0.000   0.000
   0.000 144.511   0.000
   0.000   0.000   162.462
 %endblock lattice_cart

 %block positions_abs
C      58.95660067      60.02424645      67.17143624
H      59.77863162      61.79869944      67.80260482
C      57.94937655      58.47278113      69.03281665
H      57.90969229      59.16631069      70.96789640
C      56.80987158      56.12952052      68.45833985
H      55.68548442      55.11473748      69.84917842
C      56.63223731      55.45866767      65.98657784
H      55.70816114      53.68610439      65.51981544
C      57.73016829      56.92509528      64.05905700
H      57.73205802      56.33739041      62.08807245
C      59.06620480      59.19654631      64.62219544
C      59.99783987      60.81415205      62.41310538
H      59.08699179      60.21132935      60.66132909
H      59.52729802      62.79269549      62.76837393
H      62.03307511      60.55714926      62.18633822
 %endblock positions_abs
