 %block lattice_cart
   140.777   0.000   0.000
   0.000 144.511   0.000
   0.000   0.000   162.462
 %endblock lattice_cart

 %block positions_abs
C      61.51245551      56.32510717      63.66221447
H      60.68286566      54.75852407      62.62664445
C      63.40785101      57.95216154      62.71546159
H      64.40373677      57.30209568      61.03927435
C      64.21476413      60.12912624      63.92299670
H      65.80213424      61.25351340      63.26348222
C      63.18486330      60.84344280      66.25680870
H      63.91051820      62.53096838      67.17521569
C      61.35371850      59.18615281      67.31694516
H      60.49389303      59.83999812      69.06494200
C      60.41830398      57.05454153      65.99413674
C      58.51723931      55.41992828      67.29804790
H      59.24478394      53.48862798      67.33017325
H      58.06559472      55.93393382      69.24446600
H      56.75412466      55.33678031      66.23413198
 %endblock positions_abs
