 %block lattice_cart
   140.777   0.000   0.000
   0.000 144.511   0.000
   0.000   0.000   162.462
 %endblock lattice_cart

 %block positions_abs
C      59.63501241      51.99479934      65.33273253
H      60.39090293      50.59073269      64.03638028
C      60.47405090      54.54970932      65.18155443
H      62.04252374      55.06560460      63.95701177
C      59.55942335      56.24857327      66.90498482
H      60.69136943      57.94743723      67.12797253
C      57.59788744      55.52858755      68.59817960
H      57.03285927      56.97989735      69.93610583
C      56.85333527      52.99068511      68.80793922
H      55.64202072      52.28014801      70.30649219
C      57.92858956      51.24457799      67.17332596
C      57.38623809      48.48557758      67.57961712
H      58.94337258      47.21190204      67.11285472
H      56.63034758      48.16999328      69.47501261
H      55.74028648      48.08306587      66.40042790
 %endblock positions_abs
