 %block lattice_cart
   140.777   0.000   0.000
   0.000 144.511   0.000
   0.000   0.000   162.462
 %endblock lattice_cart

 %block positions_abs
C      60.63940195      54.75663434      64.58818036
H      60.52223892      53.32611153      63.11986302
C      61.56158840      57.16981485      64.06472617
H      61.96598983      57.92948483      62.19767658
C      61.67497197      58.99718019      65.97712920
H      62.56881252      60.79242018      65.52170516
C      60.58837934      58.37923969      68.34306655
H      60.77168280      59.72094537      69.88886267
C      59.60572166      55.88669069      68.75880634
H      58.98211198      55.50118652      70.67876827
C      59.75312031      54.12168630      66.84073413
C      58.83660305      51.39103178      67.30560680
H      59.05203185      50.76553238      69.25958381
H      56.86561851      51.22095642      66.71790192
H      60.01768200      50.09090008      66.22279362
 %endblock positions_abs
