 %block lattice_cart
   140.777   0.000   0.000
   0.000 144.511   0.000
   0.000   0.000   162.462
 %endblock lattice_cart

 %block positions_abs
C      59.92508541      57.73578787      67.98401854
H      59.39974149      58.71466611      69.71311812
C      59.08415720      55.32260738      67.56449930
H      58.04480773      54.27002982      68.99124267
C      59.63595728      53.95255579      65.50091818
H      59.00289897      52.00802742      65.30249692
C      60.94364789      55.16387037      63.49402883
H      61.45009454      54.27758872      61.71012719
C      61.61639046      57.76413376      63.71134736
H      62.60471732      58.76379899      62.21468412
C      61.12884107      59.00001477      66.01492373
C      62.01512271      61.70610285      66.28137514
H      61.72788431      62.34105089      68.22212407
H      63.95209218      62.06704059      65.65965519
H      60.95120679      63.00245510      65.07950921
 %endblock positions_abs
