 %block lattice_cart
   140.777   0.000   0.000
   0.000 144.511   0.000
   0.000   0.000   162.462
 %endblock lattice_cart

 %block positions_abs
C      60.32287280      57.43626625      69.03092693
H      60.34365978      58.72505960      70.63152512
C      59.15691167      55.00418849      69.07439064
H      58.48227937      54.33333564      70.89419707
C      59.54430556      53.36012660      67.03537594
H      58.74495133      51.46851056      67.08828827
C      60.52129405      54.32577674      64.79605025
H      60.48727899      53.30721426      63.01403834
C      61.68914493      56.66525791      64.81494753
H      62.74928139      57.21894772      63.14442947
C      61.72504972      58.15436226      67.01080949
C      63.44092122      60.45226945      67.09584718
H      65.28151465      60.10078035      66.23035254
H      62.75684029      61.92247653      65.82028192
H      63.83587402      61.22516752      68.96667623
 %endblock positions_abs
