 %block lattice_cart
   140.777   0.000   0.000
   0.000 144.511   0.000
   0.000   0.000   162.462
 %endblock lattice_cart

 %block positions_abs
C      59.20793427      56.23817977      62.84112839
H      59.18903701      54.55254390      61.66760835
C      60.40602075      58.40380613      61.88870633
H      60.91246741      58.48317463      59.89882452
C      61.00884345      60.39746739      63.54032713
H      61.71182164      62.07743408      62.58979479
C      60.14145907      60.28408381      66.00641996
H      60.85010644      61.73350389      67.27631605
C      59.05486644      58.11845745      66.82845091
H      58.89234998      57.94649236      68.86935533
C      58.65235474      56.01141262      65.35635411
C      57.59032855      53.56421704      66.34846043
H      55.57777002      53.45461291      65.91004392
H      58.68259036      51.95417022      65.66437950
H      57.94559709      53.72106432      68.37802649
 %endblock positions_abs
