 %block lattice_cart
   140.777   0.000   0.000
   0.000 144.511   0.000
   0.000   0.000   162.462
 %endblock lattice_cart

 %block positions_abs
C      61.72127027      57.51563477      65.08612325
H      62.50172723      55.95472082      64.00142034
C      62.26740117      60.04786802      64.65904510
H      63.45036984      60.51463043      63.04710855
C      61.11655785      62.02263201      66.04043503
H      61.59465860      63.97660903      65.62847470
C      59.46682677      61.47083194      68.05110383
H      58.32165263      62.87678831      69.01486425
C      58.97549793      58.88757607      68.63691899
H      57.71694021      58.34711434      70.16759730
C      60.11689263      56.93548879      67.08356396
C      59.34210484      54.07444315      67.28576467
H      57.47316551      53.89113970      68.13992097
H      59.38556854      53.13713890      65.44706097
H      60.69136943      53.12580053      68.52731486
 %endblock positions_abs
