 %block lattice_cart
   140.777   0.000   0.000
   0.000 144.511   0.000
   0.000   0.000   162.462
 %endblock lattice_cart

 %block positions_abs
C      59.80225319      63.03741505      66.74152350
H      60.64129168      64.89312629      67.00797491
C      58.83849277      61.59933332      68.66148543
H      58.70621193      62.34955466      70.56821928
C      57.62150903      59.27685969      68.21362030
H      56.70310204      58.28097392      69.75941642
C      57.84638646      58.11845745      65.88547748
H      57.05837059      56.26274622      65.49052468
C      58.94242772      59.39402272      63.82189634
H      58.95565580      58.46238763      61.99075155
C      59.96476966      61.81476212      64.27921011
C      61.14206915      63.22071849      62.08334814
H      60.45231904      65.14257016      62.38759407
H      63.19809138      63.02985614      62.06445087
H      60.62806360      62.67836705      60.16149648
 %endblock positions_abs
