 %block lattice_cart
   140.777   0.000   0.000
   0.000 144.511   0.000
   0.000   0.000   162.462
 %endblock lattice_cart

 %block positions_abs
C      59.47627541      55.98023213      65.32422877
H      59.58776926      54.63096754      63.77843264
C      60.36822623      58.41419962      64.84423828
H      60.99939482      58.74679145      62.92049689
C      60.73105368      60.12818139      66.79254610
H      61.85355111      61.84405288      66.66782417
C      59.65957886      59.47622581      69.17738071
H      60.06775975      60.85572602      70.64380833
C      58.63534720      57.07627339      69.64603285
H      58.01740670      56.61895962      71.55087696
C      58.49739718      55.41520396      67.68638666
C      57.43159154      52.70722616      68.21928948
H      57.99850943      52.20077950      70.13736169
H      55.38501794      52.45211310      68.17771550
H      58.08732657      51.34095403      66.81900228
 %endblock positions_abs
