 %block lattice_cart
   140.777   0.000   0.000
   0.000 144.511   0.000
   0.000   0.000   162.462
 %endblock lattice_cart

 %block positions_abs
C      60.57420639      57.34083508      64.91888246
H      60.16980496      56.16353558      63.28615894
C      62.14078951      59.43087238      64.58251119
H      63.06486567      59.61228611      62.75514583
C      62.52629367      61.16753086      66.45145050
H      63.99650075      62.59805368      66.36074364
C      61.52095928      60.63084859      68.84384402
H      61.81764631      61.98011318      70.36507371
C      59.82587477      58.70143802      69.19155367
H      58.83187873      58.47089141      70.97167584
C      59.46115760      56.95911036      67.29048898
C      57.44481962      54.97300801      67.74213357
H      55.59477756      55.85173074      67.48891025
H      57.74528610      53.55382355      66.27570595
H      57.50151141      54.30404489      69.69233113
 %endblock positions_abs
