 %block lattice_cart
   140.777   0.000   0.000
   0.000 144.511   0.000
   0.000   0.000   162.462
 %endblock lattice_cart

 %block positions_abs
C      61.34332501      55.56071288      65.07100544
H      61.25639760      53.78248042      64.04488405
C      62.54141149      57.74145705      64.09590666
H      63.41068559      57.61673511      62.23830569
C      62.63022863      59.91086286      65.54910619
H      63.50517191      61.57004256      64.71006771
C      61.51529010      59.91464231      67.87724901
H      61.51906956      61.62106517      69.02053343
C      60.33421116      57.77547212      68.85234779
H      59.61800488      57.66586800      70.77419945
C      60.28129882      55.66275810      67.38214072
C      58.68448009      53.42154270      68.36479840
H      58.13268000      52.13085963      66.85490707
H      59.98839124      52.31794253      69.52320063
H      57.11411752      54.02436539      69.56288488
 %endblock positions_abs
