 %block lattice_cart
   140.777   0.000   0.000
   0.000 144.511   0.000
   0.000   0.000   162.462
 %endblock lattice_cart

 %block positions_abs
C      60.12445153      56.42053836      62.87136401
H      60.07531865      54.72545386      61.71107205
C      61.19592635      58.78269625      62.09279677
H      62.08409772      58.74490172      60.24086498
C      61.20915444      60.75368081      63.87480868
H      62.39779229      62.36183789      63.40615655
C      60.06398029      60.50801637      66.22562821
H      60.12634126      62.00090017      67.63536404
C      58.67314172      58.25735235      66.86246598
H      57.87378749      58.08349751      68.74652311
C      58.84699654      56.20133011      65.16738148
C      57.97205326      53.48390367      65.93272063
H      58.01740669      52.11952127      64.38692451
H      58.93770341      52.85840427      67.64481267
H      55.95193583      53.61051534      66.33523234
 %endblock positions_abs
