 %block lattice_cart
   140.777   0.000   0.000
   0.000 144.511   0.000
   0.000   0.000   162.462
 %endblock lattice_cart

 %block positions_abs
C      60.60255229      56.09834003      66.09051278
H      61.86677919      57.47217106      65.23446677
C      59.74272681      56.87123809      68.47156794
H      60.43247692      58.70805207      69.08572899
C      58.11756218      55.46339199      69.80382499
H      57.58843882      55.88858041      71.74457391
C      57.17269903      53.23162521      68.76447552
H      55.80264745      52.12613532      69.82272225
C      57.94181764      52.44360934      66.35696420
H      57.17080930      50.66915633      65.66343464
C      59.74461654      53.81933009      65.03982495
C      60.55719885      53.00485805      62.52081978
H      60.64412626      54.59789733      61.20934972
H      62.48849915      52.42471207      62.95167738
H      59.48383431      51.38725233      61.82351077
 %endblock positions_abs
