 %block lattice_cart
   140.777   0.000   0.000
   0.000 144.511   0.000
   0.000   0.000   162.462
 %endblock lattice_cart

 %block positions_abs
C      60.29452689      56.82399493      65.71445725
H      60.53830160      55.04765219      64.71290231
C      61.43970104      59.06710006      64.73935848
H      62.32976213      59.06143088      62.88742669
C      61.25639759      61.14768873      66.13586621
H      61.97827304      62.94292873      65.44611611
C      59.59721788      61.13635037      68.18999872
H      59.33643565      62.93348010      69.15186941
C      58.43692593      58.98773156      69.03659611
H      57.16702985      59.08599733      70.64664292
C      58.72038488      56.79186958      67.78937673
C      57.52229839      54.35412264      68.71912208
H      56.10311393      54.65836857      70.18743944
H      56.47161056      53.65303418      67.09017800
H      58.83565818      52.93304845      69.44099753
 %endblock positions_abs
