 %block lattice_cart
   140.777   0.000   0.000
   0.000 144.511   0.000
   0.000   0.000   162.462
 %endblock lattice_cart

 %block positions_abs
C      60.12728612      55.05521110      64.10063098
H      59.61517028      53.53398142      62.81750681
C      61.62205963      57.15280731      63.43355759
H      62.31747891      57.52886284      61.53627237
C      62.26834603      58.92159114      65.32895308
H      63.33982085      60.65258044      65.05872222
C      61.11750270      58.80064865      67.71378769
H      61.73166376      60.16881050      69.11785434
C      59.49422780      56.87123809      68.25613914
H      58.49267285      56.61423531      70.02870242
C      59.01234759      54.88891519      66.52514984
C      57.73300288      52.44927852      67.28481982
H      58.54936464      50.71073031      66.53648820
H      57.61206039      52.22062163      69.33139341
H      55.88674027      52.63447169      66.38153064
 %endblock positions_abs
