 %block lattice_cart
   140.777   0.000   0.000
   0.000 144.511   0.000
   0.000   0.000   162.462
 %endblock lattice_cart

 %block positions_abs
C      59.77957647      56.86273431      63.74347270
H      60.07059434      55.66275810      62.10130053
C      60.56192318      59.41197512      64.00047548
H      61.79780419      60.26613140      62.60018828
C      60.03657925      60.74423216      66.25869842
H      60.65829921      62.70009889      66.31539021
C      58.80636742      59.49890253      68.22968297
H      58.30558996      60.62895885      69.86996541
C      57.80481248      57.06115558      67.81394318
H      57.05270141      55.99912939      69.40320301
C      58.31314886      55.70811154      65.59918394
C      57.11884183      53.21178308      65.07950920
H      56.30059034      53.15320157      63.18411371
H      58.55314411      51.76992191      65.41965994
H      55.49556692      52.58250422      66.18499910
 %endblock positions_abs
