 %block lattice_cart
   140.777   0.000   0.000
   0.000 144.511   0.000
   0.000   0.000   162.462
 %endblock lattice_cart

 %block positions_abs
C      60.98616673      54.94655183      64.46440329
H      60.23594539      53.14564266      63.82189634
C      62.86833414      56.29203698      63.43072299
H      63.93980896      55.56449235      61.83768371
C      63.55808424      58.73356336      64.29243820
H      65.13033654      59.69921351      63.38725929
C      62.43369709      59.79558956      66.37113713
H      63.10832938      61.51713023      67.26497769
C      60.70459751      58.23467562      67.59001061
H      60.00917823      58.86962367      69.41359651
C      59.86177958      55.88574581      66.67916252
C      57.87567722      54.39853120      68.05299356
H      56.77774623      55.63630194      69.28509512
H      56.53208181      53.46689613      66.79443584
H      58.86778353      52.92832413      69.11124030
 %endblock positions_abs
