 %block lattice_cart
   140.777   0.000   0.000
   0.000 144.511   0.000
   0.000   0.000   162.462
 %endblock lattice_cart

 %block positions_abs
C      60.41074507      55.35756731      65.05305304
H      59.86650389      53.93460339      63.67544256
C      62.38550906      57.00918810      64.48802486
H      63.52312430      56.87690726      62.78349173
C      63.11494342      58.96127539      66.19255800
H      64.45475938      60.44471054      65.72579561
C      61.63717744      59.14835830      68.38086107
H      62.17952890      60.58832974      69.74524348
C      59.44131547      57.58555464      68.84573375
H      58.42086326      58.07121429      70.55971552
C      58.96510444      55.60134200      67.30182735
C      56.70688149      53.80043283      67.68355207
H      57.11695210      51.91448596      66.95222798
H      56.46877598      53.84956571      69.73201538
H      54.91731067      54.46183703      66.89742591
 %endblock positions_abs
