 %block lattice_cart
   140.777   0.000   0.000
   0.000 144.511   0.000
   0.000   0.000   162.462
 %endblock lattice_cart

 %block positions_abs
C      59.35533292      54.54026067      66.68388685
H      60.41357966      56.22589655      66.18121964
C      58.24984303      54.20766885      69.07250090
H      58.01740669      55.68354509      70.48223674
C      57.01774147      51.93999728      69.69611058
H      56.25996122      51.64142052      71.58205745
C      57.00829284      49.98602027      67.92354730
H      56.22027697      48.13408847      68.33550765
C      58.00606833      50.28270730      65.60485311
H      57.96071490      48.65376321      64.35196457
C      59.20037536      52.59762202      64.89998521
C      60.55908858      52.67132136      62.38664920
H      59.53296720      51.48646296      61.04494352
H      60.74995094      54.57805520      61.61942033
H      62.49416833      51.97779180      62.57184238
 %endblock positions_abs
