 %block lattice_cart
   140.777   0.000   0.000
   0.000 144.511   0.000
   0.000   0.000   162.462
 %endblock lattice_cart

 %block positions_abs
C      60.71499101      56.09834003      66.67538307
H      60.58648961      54.54687472      65.33367739
C      61.92252612      58.23373076      65.94216926
H      62.61416595      58.58333013      64.03732514
C      62.12661656      60.23495092      67.67693802
H      63.16785576      61.94326351      67.20828590
C      61.13828970      59.90991800      70.10712605
H      61.25545273      61.44059631      71.47150846
C      59.63028810      57.86523413      70.78742754
H      58.78180099      57.72917383      72.65258741
C      59.46210247      55.77897628      69.05076906
C      57.89929881      53.40925948      69.60256913
H      58.67975577      51.64614483      68.86746559
H      57.19632061      53.33933961      71.53953861
H      56.34594378      53.63224719      68.26086346
 %endblock positions_abs
