 %block lattice_cart
   140.777   0.000   0.000
   0.000 144.511   0.000
   0.000   0.000   162.462
 %endblock lattice_cart

 %block positions_abs
C      60.28696800      53.34217420      69.88980754
H      59.52351857      53.90909209      71.70961398
C      59.79185970      50.91765534      69.08289440
H      58.87723217      49.55894212      70.32444459
C      60.79530438      49.96523328      66.87380434
H      60.25484265      48.08117614      66.25208438
C      62.26362172      51.50913967      65.21840409
H      63.04029924      50.84773546      63.43450245
C      62.81920126      53.90720237      66.03098641
H      63.92280142      55.16387036      64.83667938
C      61.79307987      54.91064704      68.25708400
C      62.17480458      57.68476527      68.86935533
H      60.63467764      58.27813933      70.11090552
H      63.92847060      57.92098105      69.93327124
H      62.00094976      59.05859629      67.34056674
 %endblock positions_abs
