 %block lattice_cart
   140.777   0.000   0.000
   0.000 144.511   0.000
   0.000   0.000   162.462
 %endblock lattice_cart

 %block positions_abs
C      60.01012309      55.25930154      67.42938387
H      59.67375181      56.32321746      69.15470400
C      59.16541543      52.73462720      67.54654691
H      58.16386049      51.93905242      69.15281427
C      59.86461416      51.23418449      65.46973769
H      59.18998188      49.29910476      65.35446438
C      61.09482600      52.26786479      63.38159011
H      61.30836506      51.11891119      61.69217479
C      61.92252612      54.75474462      63.28710380
H      62.82392557      55.53898104      61.61658574
C      61.33860069      56.24006950      65.43194316
C      62.15685218      58.94804731      65.69839457
H      63.99933533      59.17859392      64.79699512
H      60.73955745      60.11778790      64.75920059
H      62.32692755      59.35244873      67.71284282
 %endblock positions_abs
