 %block lattice_cart
   140.777   0.000   0.000
   0.000 144.511   0.000
   0.000   0.000   162.462
 %endblock lattice_cart

 %block positions_abs
C      62.97321395      56.49990686      63.25781304
H      62.86172010      54.64986480      62.37153140
C      64.18830797      58.46522223      62.13153616
H      65.05758207      58.19499137      60.29094273
C      64.20720523      60.82926985      63.22379797
H      65.08592797      62.25601321      62.03893957
C      63.35493867      61.32626787      65.72012643
H      63.18675302      63.22922226      66.47790668
C      62.25889740      59.25890728      66.95411771
H      61.60883155      59.32882715      68.90242554
C      61.87150351      56.99123570      65.59351476
C      59.99878473      55.02214089      66.67443821
H      60.44853960      54.41553874      68.59628987
H      58.19220638      56.01424720      66.76136562
H      59.63028810      53.38941735      65.46690310
 %endblock positions_abs
