 %block lattice_cart
   140.777   0.000   0.000
   0.000 144.511   0.000
   0.000   0.000   162.462
 %endblock lattice_cart

 %block positions_abs
C      61.37639522      58.75151577      65.42532912
H      61.23466574      57.38902310      63.89465080
C      63.27557015      60.60533728      64.95478727
H      64.51523062      60.48628453      63.32017401
C      63.67619214      62.46104852      66.64231286
H      65.21631908      63.78952612      66.34940529
C      62.17008027      62.58577046      68.74368852
H      62.85605091      63.79141585      70.26113875
C      60.34838410      60.85289143      69.28415025
H      59.19754078      61.00973872      70.97734503
C      59.91941623      58.94804731      67.64953699
C      57.85016592      57.15469704      68.29960284
H      58.53802629      55.41047965      67.43788764
H      57.89929880      56.71817026      70.31594082
H      55.92453479      57.62523889      67.72512604
 %endblock positions_abs
