 %block lattice_cart
   140.777   0.000   0.000
   0.000 144.511   0.000
   0.000   0.000   162.462
 %endblock lattice_cart

 %block positions_abs
C      60.33043170      53.79948796      64.71762662
H      60.49483789      52.28392746      63.34190587
C      61.62300450      56.13141024      64.24330532
H      62.24661419      56.46211235      62.31389474
C      61.77040316      58.03058518      66.10090627
H      62.67558205      59.82960464      65.69461512
C      60.67436189      57.42965221      68.43282855
H      60.93514411      58.76568872      69.97106577
C      59.27974387      55.27914368      68.81077382
H      58.27629919      55.04670734      70.58711655
C      59.14368358      53.44043997      67.02876190
C      57.88701558      50.81938958      67.63536405
H      58.47283074      49.51358870      66.15003916
H      58.57487596      50.03326343      69.41359651
H      55.82343445      50.86096355      67.58812088
 %endblock positions_abs
