 %block lattice_cart
   140.777   0.000   0.000
   0.000 144.511   0.000
   0.000   0.000   162.462
 %endblock lattice_cart

 %block positions_abs
C      62.26551145      57.40130632      63.02821129
H      62.69258959      55.94810678      61.64115218
C      63.36911161      59.73700804      62.56900780
H      64.40468163      59.82204573      60.79644452
C      62.97415882      61.71555149      64.25653340
H      63.57131233      63.64307233      63.86536005
C      61.59843806      61.33382678      66.46184401
H      61.24316951      62.96088113      67.66370993
C      60.61767010      58.95844080      66.98151873
H      59.59721789      58.48411950      68.69927995
C      60.88979069      56.97611790      65.27320615
C      59.97327343      54.22089693      65.76831445
H      58.62211912      54.39664148      67.31789002
H      58.99817465      53.45555778      64.12047311
H      61.55686408      53.08895087      66.45428510
 %endblock positions_abs
