 %block lattice_cart
   140.777   0.000   0.000
   0.000 144.511   0.000
   0.000   0.000   162.462
 %endblock lattice_cart

 %block positions_abs
C      60.48916871      56.49707228      63.69528468
H      59.82776450      55.16103577      62.28176940
C      62.00472921      58.57577122      62.98474759
H      62.45259435      58.96316512      61.01754250
C      62.91557730      60.32565779      64.75920060
H      63.90579388      62.03963955      64.21495942
C      62.15212787      60.06487556      67.17805028
H      62.81353207      61.43870659      68.55566076
C      60.52507351      58.07688348      67.92449217
H      59.87878711      57.70271767      69.83878492
C      59.65579941      56.34589417      66.06500148
C      57.93425873      54.25774660      66.90970914
H      58.71282598      52.35668193      66.70750842
H      57.45048880      54.46183704      68.90526013
H      56.21460779      54.68671447      65.85335213
 %endblock positions_abs
