 %block lattice_cart
   140.777   0.000   0.000
   0.000 144.511   0.000
   0.000   0.000   162.462
 %endblock lattice_cart

 %block positions_abs
C      63.23777563      57.63563238      67.08072938
H      64.31869908      59.27780455      66.48924504
C      62.15118300      57.53547689      69.41643110
H      62.41763441      59.05859630      70.76758541
C      60.58648962      55.50969027      70.19310860
H      59.91941623      55.64764030      72.13007808
C      60.08760187      53.52736737      68.44700149
H      58.90274347      51.99479934      69.13297214
C      61.25167328      53.65019959      66.12830730
H      61.07025955      52.09684455      64.79605025
C      62.71432144      55.73267799      65.37052705
C      63.70075858      55.99912939      62.64932117
H      63.11683315      57.78303104      61.78949569
H      65.74355272      56.14652804      62.40365674
H      62.80880776      54.56671685      61.45879359
 %endblock positions_abs
