 %block lattice_cart
   140.777   0.000   0.000
   0.000 144.511   0.000
   0.000   0.000   162.462
 %endblock lattice_cart

 %block positions_abs
C      61.07876332      55.45488822      66.44861592
H      60.82931944      53.75224481      65.32800821
C      62.83053960      57.32949672      65.74752746
H      64.15145831      57.07816312      64.19606215
C      63.10643964      59.50268198      67.15915301
H      64.51239603      60.93131507      66.70750842
C      61.73260862      59.86550943      69.30588210
H      61.85355110      61.53602749      70.49451995
C      60.12256181      57.97767284      70.11657469
H      59.19281645      58.31971331      71.91748387
C      59.67280693      55.91787116      68.65392652
C      58.31976289      53.69366329      69.65170202
H      59.07376369      53.16642965      71.49985435
H      56.28452766      53.96767361      69.86713082
H      58.63345746      52.13085963      68.34401141
 %endblock positions_abs
