 %block lattice_cart
   140.777   0.000   0.000
   0.000 144.511   0.000
   0.000   0.000   162.462
 %endblock lattice_cart

 %block positions_abs
C      63.47588115      58.74112227      65.37147193
H      64.50011281      57.15942135      64.55322043
C      64.48499499      61.15808222      65.15982257
H      66.04590893      61.69854395      63.93905937
C      63.04124410      63.07804416      66.30688645
H      63.43241744      65.06225679      65.94972818
C      60.83215404      62.48467010      67.80354969
H      59.90429841      63.92086209      68.94305465
C      60.14618339      59.99401081      68.29487853
H      58.45487834      59.55181486      69.37580198
C      61.48599935      58.06837970      67.00986463
C      60.85672048      55.26024640      67.57489281
H      58.94242773      54.72923331      67.01553381
H      62.21732343      54.05082156      66.60168375
H      61.04758284      54.86340388      69.59123078
 %endblock positions_abs
