 %block lattice_cart
   140.777   0.000   0.000
   0.000 144.511   0.000
   0.000   0.000   162.462
 %endblock lattice_cart

 %block positions_abs
C      62.80502831      55.77992115      64.34535053
H      63.31147496      54.05649074      63.34946477
C      63.82170106      58.11751259      63.38725929
H      64.92908068      58.27813932      61.66382890
C      63.18864275      60.34361019      64.52676426
H      63.98610725      62.09916594      63.82189634
C      61.54647058      60.35494854      66.49585907
H      61.06648010      62.15585772      67.35946401
C      60.62239442      58.05326189      67.45395032
H      59.37139560      57.75090568      69.05265877
C      61.14395888      55.80448758      66.28987892
C      60.02902035      53.25902624      67.31977975
H      58.06181526      53.20611391      66.69239061
H      60.97577324      51.60551572      66.52609469
H      60.11027858      53.15698101      69.37958144
 %endblock positions_abs
